0.000000000000000000e+00
1.600000000000000033e-01
3.200000000000000067e-01
4.799999999999999822e-01
6.400000000000000133e-01
8.000000000000000444e-01
9.599999999999999645e-01
1.120000000000000107e+00
1.280000000000000027e+00
1.439999999999999947e+00
1.600000000000000089e+00
1.760000000000000009e+00
1.919999999999999929e+00
2.080000000000000071e+00
2.240000000000000213e+00
2.399999999999999911e+00
2.560000000000000053e+00
2.720000000000000195e+00
2.879999999999999893e+00
3.040000000000000036e+00
3.200000000000000178e+00
3.359999999999999876e+00
3.520000000000000018e+00
3.680000000000000160e+00
3.839999999999999858e+00
4.000000000000000000e+00
4.160000000000000142e+00
4.320000000000000284e+00
4.480000000000000426e+00
4.639999999999999680e+00
4.799999999999999822e+00
4.959999999999999964e+00
5.120000000000000107e+00
5.280000000000000249e+00
5.440000000000000391e+00
5.600000000000000533e+00
5.759999999999999787e+00
5.919999999999999929e+00
6.080000000000000071e+00
6.240000000000000213e+00
6.400000000000000355e+00
6.560000000000000497e+00
6.719999999999999751e+00
6.879999999999999893e+00
7.040000000000000036e+00
7.200000000000000178e+00
7.360000000000000320e+00
7.520000000000000462e+00
7.679999999999999716e+00
7.839999999999999858e+00
8.000000000000000000e+00
8.160000000000000142e+00
8.320000000000000284e+00
8.480000000000000426e+00
8.640000000000000568e+00
8.800000000000000711e+00
8.960000000000000853e+00
9.120000000000000995e+00
9.279999999999999361e+00
9.439999999999999503e+00
9.599999999999999645e+00
9.759999999999999787e+00
9.919999999999999929e+00
1.008000000000000007e+01
1.024000000000000021e+01
1.040000000000000036e+01
1.056000000000000050e+01
1.072000000000000064e+01
1.088000000000000078e+01
1.104000000000000092e+01
1.120000000000000107e+01
1.135999999999999943e+01
1.151999999999999957e+01
1.167999999999999972e+01
1.183999999999999986e+01
1.200000000000000000e+01
1.216000000000000014e+01
1.232000000000000028e+01
1.248000000000000043e+01
1.264000000000000057e+01
1.280000000000000071e+01
1.296000000000000085e+01
1.312000000000000099e+01
1.328000000000000114e+01
1.343999999999999950e+01
1.359999999999999964e+01
1.375999999999999979e+01
1.391999999999999993e+01
1.408000000000000007e+01
1.424000000000000021e+01
1.440000000000000036e+01
1.456000000000000050e+01
1.472000000000000064e+01
1.488000000000000078e+01
1.504000000000000092e+01
1.520000000000000107e+01
1.535999999999999943e+01
1.551999999999999957e+01
1.567999999999999972e+01
1.583999999999999986e+01
