3.907575771950104980e+11
3.920957902388680420e+11
3.934100618095033569e+11
3.946186795435476074e+11
3.958576601125305176e+11
3.970127030501386108e+11
3.981442906585025024e+11
3.992332140736885376e+11
4.002704726093610229e+11
4.012552088206231689e+11
4.022417652437216187e+11
4.031697098326139526e+11
4.040475781439458008e+11
4.048957548759364014e+11
4.057018148815068359e+11
4.064863293806054077e+11
4.072487670729138184e+11
4.079799001889144287e+11
4.086094350961115723e+11
4.092739462761114502e+11
4.099367561597658081e+11
4.105590486409301147e+11
4.111608250717701416e+11
4.117260357650037231e+11
4.122317228075851440e+11
4.127341492899657593e+11
4.132284678035913086e+11
4.136816351450834351e+11
4.141335482293679199e+11
4.145671593499498291e+11
4.149635430639664917e+11
4.153475985547752686e+11
4.157317789479204712e+11
4.160872035265169067e+11
4.164335592354967041e+11
4.167623861222446899e+11
4.170847347528283691e+11
4.173878875614600220e+11
4.177018466634732056e+11
4.179959181753169556e+11
4.182885212323284912e+11
4.185689642878995361e+11
4.188261815344076538e+11
4.190663612197117920e+11
4.193019213772349854e+11
4.195337948298826294e+11
4.197694988826076050e+11
4.199872374402664185e+11
4.201980270037471924e+11
4.203913616004055786e+11
4.205952838194969482e+11
4.207980753546803589e+11
4.209843669326032104e+11
4.211692560271795044e+11
4.213477576181167603e+11
4.215221937173398438e+11
4.217092723111992798e+11
4.218835098967680054e+11
4.220511352804813232e+11
4.222196823384650879e+11
4.223766713956660767e+11
4.225254223992858276e+11
4.226749378314026489e+11
4.228134143059406128e+11
4.229690811892557983e+11
4.231050217987487793e+11
4.232291373760541992e+11
4.233537602111094971e+11
4.234681822955042725e+11
4.235908295939227905e+11
4.237105827131701050e+11
4.238365959423154907e+11
4.239386150091226196e+11
4.240488737718704224e+11
4.241593179263028564e+11
4.242674340859511719e+11
4.243757927567246094e+11
4.244872006980510864e+11
4.246004071542445068e+11
4.246935296477359009e+11
4.247874609837807617e+11
4.248844057946304321e+11
4.249905327424716187e+11
4.250874136529688721e+11
4.251783236394555664e+11
4.252697508926870117e+11
4.253669405620145264e+11
4.254586194426420898e+11
4.255467582942203369e+11
4.256411148300459595e+11
4.257230079290909424e+11
4.258024078700687866e+11
4.258852929146606445e+11
4.259596531718994751e+11
4.260428302502041016e+11
4.261239237842797852e+11
4.262047082758419800e+11
4.262828460055454712e+11
4.263568078847687988e+11
4.264318147376450806e+11
