4.265007830373669434e+11
4.265007830373669434e+11
4.265312384367517090e+11
4.265584648794121094e+11
4.265871444192327881e+11
4.266163229480933228e+11
4.266461705540777588e+11
4.266746754181845703e+11
4.267038453722302856e+11
4.267322972144309082e+11
4.267604525876710205e+11
4.267897327796781006e+11
4.268141597377905273e+11
4.268408902623505859e+11
4.268688609701309204e+11
4.268955640960303955e+11
4.269227833192276611e+11
4.269496164924746094e+11
4.269783976911297607e+11
4.270063052318011475e+11
4.270327957296748657e+11
4.270599193508661499e+11
4.270834778679547119e+11
4.271092287094235840e+11
4.271338843316857300e+11
4.271589121824951172e+11
4.271825504289633789e+11
4.272064256281213379e+11
4.272306197120754395e+11
4.272559308397890625e+11
4.272812303220362549e+11
4.273034953401208496e+11
4.273261190500682983e+11
4.273484915045051880e+11
4.273706572012358398e+11
4.273961103009770508e+11
4.274201999129798584e+11
4.274443578343883057e+11
4.274671770309168701e+11
4.274903995292119141e+11
4.275149049983547974e+11
4.275406066931115723e+11
4.275634533304001465e+11
4.275866418360876465e+11
4.276080807000676880e+11
4.276311182209722900e+11
4.276551817512940674e+11
4.276772587948167725e+11
4.276996867716284180e+11
4.277228147020325317e+11
4.277470360846989746e+11
4.277686197646470337e+11
4.277886716829093628e+11
4.278127313877824097e+11
4.278346051773604736e+11
4.278566448518514404e+11
4.278799185550755615e+11
4.279008685392979126e+11
4.279213675737646484e+11
4.279419671621900024e+11
4.279637997967204590e+11
4.279846474951294556e+11
4.280057045529606323e+11
4.280274201172985840e+11
4.280480515470015869e+11
4.280686869362836914e+11
4.280902040814812012e+11
4.281113846294194336e+11
4.281338603444801636e+11
4.281541735583972168e+11
4.281727368622147217e+11
4.281932014144763184e+11
4.282096609396665649e+11
4.282283092465137329e+11
4.282493079297000732e+11
4.282714448186232910e+11
4.282904597808823853e+11
4.283085588161173096e+11
4.283260846889813232e+11
4.283430560588779907e+11
4.283643115650016479e+11
4.283816527908413696e+11
4.283984378743853760e+11
4.284152284111136475e+11
4.284320658219924927e+11
4.284483511468930664e+11
4.284639030910045166e+11
4.284801859606876831e+11
4.284959765540728149e+11
4.285116083339719238e+11
4.285265333034200439e+11
4.285420291135983276e+11
4.285556220514247437e+11
4.285698919436483765e+11
4.285849807223317871e+11
4.285993902519796753e+11
4.286142297844012451e+11
4.286267289815881348e+11
4.286407145562291260e+11
4.286543150498361816e+11
4.286687012334228516e+11
4.286829096679083862e+11
4.286984176456536865e+11
4.287120001789358521e+11
4.287259986281807251e+11
4.287412802200187378e+11
4.287520501618801270e+11
4.287655868049593506e+11
4.287795321988089600e+11
4.287912069287532959e+11
4.288024937537869873e+11
4.288152891256038818e+11
4.288263606105557251e+11
4.288358712710506592e+11
4.288475417310375977e+11
4.288583941051403198e+11
4.288685821433099976e+11
4.288821071557424316e+11
4.288918832726132812e+11
4.289067711024071045e+11
4.289159441204061279e+11
4.289251127157773438e+11
4.289372825275632935e+11
4.289476283662391968e+11
4.289577705717639160e+11
4.289707746330296021e+11
4.289771270128984375e+11
4.289832689866796875e+11
4.289915715578358765e+11
4.289985269328477783e+11
4.290064603235896606e+11
4.290132862220087891e+11
4.290190577149940796e+11
4.290273055060988770e+11
4.290312863077915039e+11
4.290371145941958008e+11
4.290437680524285278e+11
4.290481162668299561e+11
4.290533786547841187e+11
4.290605953522598267e+11
4.290644018730970459e+11
4.290700979417936401e+11
4.290734121005319214e+11
4.290738667972259521e+11
4.290776195930095215e+11
4.290826092382338867e+11
4.290888698421652832e+11
4.290945951558074341e+11
4.290991081717373047e+11
4.291047931187897949e+11
4.291101326940308838e+11
4.291119753193818970e+11
4.291127795182471924e+11
4.291149393837245483e+11
4.291163819154400024e+11
4.291134099386510010e+11
4.291134976991423340e+11
4.291119773464906006e+11
4.291111501022769775e+11
4.291085493880206909e+11
4.291114850309079590e+11
4.291080911091367798e+11
4.291087156861950684e+11
4.291054463285699463e+11
4.291007841935949707e+11
4.290977797959924316e+11
4.290913251925223999e+11
4.290862483980145264e+11
4.290808690670288086e+11
4.290749511959293823e+11
4.290680819540715942e+11
4.290593393011008301e+11
4.290538509226871338e+11
4.290451578807415161e+11
4.290398322997608643e+11
4.290329254271841431e+11
4.290241763982468262e+11
4.290110912555090332e+11
4.289998876328740845e+11
4.289876901008539429e+11
4.289783490191795654e+11
4.289659733862892456e+11
4.289559299417114868e+11
4.289471041534999390e+11
4.289379246228126831e+11
4.289262394703892822e+11
4.289113350350209351e+11
4.288980101155216675e+11
4.288863347895886230e+11
4.288741260213829956e+11
4.288607877689143066e+11
4.288410611738719482e+11
4.288236554959160156e+11
4.288075268790230713e+11
4.287885930548120117e+11
4.287695641672884521e+11
4.287527438415667725e+11
4.287321504064519043e+11
4.287165704640815430e+11
4.286985333178088989e+11
4.286780092202659912e+11
4.286550819731578979e+11
4.286304308117230225e+11
4.286099258109839478e+11
4.285837597777789917e+11
4.285600112852351074e+11
4.285331540850142822e+11
4.285073477461371460e+11
4.284796134203562622e+11
4.284492856468021851e+11
4.284250372401936646e+11
4.283987870853073120e+11
4.283701754606082764e+11
4.283403109130520630e+11
4.283058629385030518e+11
4.282782473561128540e+11
4.282442405253815308e+11
4.282114872911132202e+11
4.281770528646709595e+11
4.281391953614913940e+11
4.280981300110498047e+11
4.280591525159400635e+11
4.280227227403601685e+11
4.279774848687664795e+11
4.279395467762785645e+11
4.278992878831928101e+11
4.278484936344233398e+11
4.277961525983781738e+11
4.277493504451793213e+11
4.277023419159471436e+11
4.276570421058386841e+11
4.276026157154399414e+11
4.275536736405891113e+11
4.275013916202210083e+11
4.274521179380837402e+11
4.274005421587612305e+11
4.273456201800501099e+11
4.272833862628406982e+11
4.272199983255370483e+11
4.271667937393544922e+11
4.271081720523425903e+11
4.270478877826123047e+11
4.269858388923504639e+11
4.269141585990642700e+11
4.268500916274222412e+11
4.267855449865499878e+11
4.267191507312385254e+11
4.266516713950560913e+11
4.265748387797554321e+11
4.265038241902905884e+11
4.264325599773419189e+11
4.263507406435654907e+11
4.262645486065396118e+11
4.261864098810996094e+11
4.261048885580933228e+11
4.260234691513102417e+11
4.259307222509644775e+11
4.258416836080032959e+11
4.257510395167086792e+11
4.256548396703256836e+11
4.255656197376690674e+11
4.254734317857639771e+11
4.253847146329221802e+11
4.252800063867951660e+11
4.251821683707765503e+11
4.250839645664597168e+11
4.249872776464498901e+11
4.248776866071853027e+11
4.247773845520237427e+11
4.246457564049548340e+11
4.245235269334863281e+11
4.244114770663671875e+11
4.242857214982347412e+11
4.241591431700914307e+11
4.240397612266631470e+11
4.239107602937940063e+11
4.237719494038383789e+11
4.236511555624464111e+11
4.235267537959912109e+11
4.233975043458977051e+11
4.232514875140690308e+11
4.231098818352863770e+11
4.229576628589559326e+11
4.228028624575361938e+11
4.226343559047641602e+11
4.224831141859470215e+11
4.223111256618484497e+11
4.221552515216886597e+11
4.219979186785438232e+11
4.218163295290468140e+11
4.216421785978923950e+11
4.214948020122309570e+11
4.213237751528939819e+11
4.211445776783677979e+11
4.209468936675368652e+11
4.207533803934839478e+11
4.205498142182361450e+11
4.203537902774793091e+11
4.201442080002662964e+11
4.199567441546399536e+11
4.197252479992808838e+11
4.195129870076323242e+11
4.193088129597442017e+11
4.191030222660933228e+11
4.188655048092106934e+11
4.186456642941209106e+11
4.184183450433936768e+11
4.181436000059888306e+11
4.178883475720350952e+11
4.176409211497500000e+11
4.173923414079442749e+11
4.171376017446287842e+11
4.168408076042857056e+11
4.165747063569196777e+11
4.162921561753052979e+11
4.160018464986632690e+11
4.157331598827210693e+11
4.154311003233273315e+11
4.151387796367388306e+11
4.148215986472269897e+11
4.145195883554370117e+11
4.141963311183247070e+11
4.138606618372556152e+11
4.135276781955738525e+11
4.131793551171375732e+11
4.128238439998030396e+11
4.124294108294520874e+11
4.120957185257366333e+11
4.117257076714776001e+11
4.113627651717563477e+11
4.109800010504451904e+11
4.106542894165612793e+11
4.102965103686786499e+11
4.099148674052412109e+11
4.095256857203221436e+11
4.091097051626464844e+11
4.086711878296867065e+11
4.082208697539098511e+11
4.077541820857673340e+11
4.073050166766008301e+11
4.068170418537179565e+11
4.064178288529936523e+11
4.060232322272656860e+11
4.054480030103428345e+11
4.049786471711855469e+11
4.045391977181503296e+11
4.040454253722781372e+11
4.034849940944879150e+11
4.029910818227637329e+11
4.024980541864356689e+11
4.020308248380019531e+11
4.014880506597379761e+11
4.009302616755478516e+11
4.003258222931918335e+11
3.997191078784749146e+11
3.991633365527824097e+11
3.984816162637182617e+11
3.978819759079119263e+11
3.973621131879054565e+11
3.967234681941735840e+11
3.960620020673651123e+11
3.953891578857213745e+11
3.947622198020988770e+11
3.941611958521171265e+11
3.935280918683743286e+11
3.928906255539359131e+11
3.922415021502077637e+11
3.915203725192436523e+11
3.908222254085263672e+11
3.902034173131909180e+11
3.895725745224311523e+11
3.888595058538807373e+11
3.882917442426979980e+11
3.876046248367489014e+11
3.869061632988584595e+11
3.861815928166308594e+11
3.854945403630223999e+11
3.847538813079183350e+11
3.840108223259078369e+11
3.832956645343964233e+11
3.824894251534257202e+11
3.817870405546315918e+11
3.810858080303621826e+11
3.802550434549796143e+11
3.796003840138435669e+11
3.788846060221072388e+11
3.780987670328828735e+11
3.774623044877434082e+11
3.767138444841670532e+11
3.759301611921616211e+11
3.752542131762478638e+11
3.746022828073918457e+11
3.738595260706098022e+11
3.731282959570211182e+11
3.724212564888434448e+11
3.716895363004154053e+11
3.709895716040895996e+11
3.702640940158333740e+11
3.695295405637149048e+11
3.688025720279392700e+11
3.680786478074150391e+11
3.673689282457805786e+11
3.665692460879549561e+11
3.658246569444020386e+11
3.651509339691253662e+11
3.643846020325249023e+11
3.637266447215070190e+11
3.630261481825885620e+11
3.623661922730925903e+11
3.617052867513577881e+11
3.610998975024885254e+11
3.604368326596160278e+11
3.597772385629056396e+11
3.590614915306384277e+11
3.584882162386834106e+11
3.578279452521325073e+11
3.571118791288990479e+11
3.565436047179846802e+11
3.558835612621020508e+11
3.552485909921237183e+11
3.546550459155327148e+11
3.539796282264901733e+11
3.534398079567066040e+11
3.528285320104978638e+11
3.521483766278493042e+11
3.516150117989908447e+11
3.510823070238638306e+11
3.504399268546567383e+11
3.499184967453858643e+11
3.494054660116062622e+11
3.489326601728840332e+11
3.484164711265899048e+11
3.479443044531560669e+11
3.474074815882026367e+11
3.468923105801307373e+11
3.463660055428962402e+11
3.458581042835977173e+11
3.453647718834630737e+11
3.448631653398984375e+11
3.443748835804063110e+11
3.439267209066694946e+11
3.435118510067212524e+11
3.430553827446431885e+11
3.425940362717687988e+11
3.421456532090747681e+11
3.417557389134155273e+11
3.413203537350170288e+11
3.409221946475419312e+11
3.405597732285386963e+11
3.401188991780518188e+11
3.397338435062253418e+11
3.393877469517045898e+11
3.390235978874196167e+11
3.386395093591389160e+11
3.383029332212587891e+11
3.379473729805908203e+11
3.376089280200173340e+11
3.372745369015639648e+11
3.369294511016900024e+11
3.365993349152341919e+11
3.362560180899940796e+11
3.359297454272365723e+11
3.356075394014472656e+11
3.352957279731738892e+11
3.349683527782853394e+11
3.346953033532084351e+11
3.343633760244550171e+11
3.341147290823035889e+11
3.338343186960414429e+11
3.335694255906323853e+11
3.332979108288712158e+11
3.330696901072243652e+11
3.328068725477213745e+11
3.325225472440175781e+11
3.322763920545715332e+11
3.320572211005461426e+11
3.318170574613653564e+11
3.315880100067957153e+11
3.313614314577915039e+11
3.311367925647194824e+11
3.308958420389918823e+11
3.306853135209205322e+11
3.304891761399322510e+11
3.303022249766570435e+11
3.300916130555657959e+11
3.299099034599074707e+11
3.297454093429075928e+11
3.295310553032011719e+11
3.293633154237254639e+11
3.292032031299378052e+11
3.290279173126850586e+11
3.288484987016320801e+11
3.286837120079905396e+11
3.285183714992421875e+11
3.283499931952276001e+11
3.281846940226644897e+11
3.280314040124154053e+11
3.278884587652685547e+11
3.277494776355208740e+11
3.276177637798683472e+11
3.274689613454487915e+11
3.273399302395531616e+11
3.272010666361138306e+11
3.270678427194116821e+11
3.269294131806887817e+11
3.268109385492301025e+11
3.266899529006879272e+11
3.265540452646066284e+11
3.264313499591832886e+11
3.263145860661174316e+11
3.261995855956933594e+11
3.260727267564613037e+11
3.259588951310596313e+11
3.258571062858503418e+11
3.257386442583214111e+11
3.256384609433071289e+11
3.255345171973225708e+11
3.254302187933265991e+11
3.253471822724914551e+11
3.252271928870230103e+11
3.251278594409019775e+11
3.250313636929409790e+11
3.249249681248786621e+11
3.248243195170599365e+11
3.247447967645461426e+11
3.246506710144739990e+11
3.245716884945969238e+11
3.244745156074772339e+11
3.243926503862138062e+11
3.243073458767755127e+11
3.242305075016505737e+11
3.241470081374138794e+11
3.240685514176195679e+11
3.239860040743143921e+11
3.239194114104033813e+11
3.238434254723579102e+11
3.237592285041727905e+11
3.236902952592536621e+11
3.236219457586942139e+11
3.235577883718564453e+11
3.234970850685311890e+11
3.234212397471921387e+11
3.233602031748034668e+11
3.232951052392287598e+11
3.232370235472468872e+11
3.231719467383524170e+11
3.231085405839613037e+11
3.230535343848983154e+11
3.229997399776627197e+11
3.229446211022610474e+11
3.228976084713244019e+11
3.228443935526983032e+11
3.227925121025834961e+11
3.227410080705739136e+11
3.226949846095778809e+11
3.226424799173134155e+11
3.225955881095083008e+11
3.225429976648174438e+11
3.225024737894014282e+11
3.224606324768681641e+11
3.224167746749994507e+11
3.223769379706667480e+11
3.223343412387042236e+11
3.222957415567358398e+11
3.222551257816072998e+11
3.222188893819125977e+11
3.221864422931660156e+11
3.221445328336494751e+11
3.221037699096777954e+11
3.220689496167005615e+11
3.220357483298900757e+11
3.219967757585450439e+11
3.219634140402535400e+11
3.219277132961217651e+11
3.218964662916456299e+11
3.218618770416006470e+11
3.218311326227916870e+11
3.217996584433656006e+11
3.217688264873619385e+11
3.217367106282924805e+11
3.217069270215258179e+11
3.216759767303699951e+11
3.216457034363993530e+11
3.216173264877783203e+11
3.215929781127105713e+11
3.215683114479812012e+11
3.215459419654733276e+11
3.215244559693946533e+11
3.215023891447196655e+11
3.214808341525508423e+11
3.214542170107758179e+11
3.214292875144582520e+11
3.214080370767448730e+11
3.213841192064807129e+11
3.213633705828638916e+11
3.213416991858077393e+11
3.213173664694657593e+11
3.212941685209373779e+11
3.212735447101182251e+11
3.212555547959488525e+11
3.212361018653396606e+11
3.212170769748758545e+11
3.211959796001815186e+11
3.211758655690705566e+11
3.211584892265679932e+11
3.211458473548514404e+11
3.211307296072142334e+11
3.211142457105194702e+11
3.210994884089740601e+11
3.210872193268835449e+11
3.210722839967476807e+11
3.210570842848612671e+11
3.210453920468389893e+11
3.210316948409977417e+11
3.210217148880147705e+11
3.210150633526624146e+11
3.210048092460108032e+11
3.209923283812474365e+11
3.209821087577581177e+11
3.209718969405107422e+11
3.209616441474877319e+11
3.209550906610666504e+11
3.209459537123109741e+11
3.209358367766289673e+11
3.209266566383946533e+11
3.209199144069666138e+11
3.209133240263037109e+11
3.209055228534987793e+11
3.209011842155878906e+11
3.208936398543346558e+11
3.208862181258186646e+11
3.208809862399181519e+11
3.208746620748829956e+11
3.208684950288359375e+11
3.208622929200883179e+11
3.208586951030465088e+11
3.208559251159426880e+11
3.208502029199699097e+11
3.208447208979031982e+11
3.208389894509003906e+11
3.208325588679221802e+11
3.208270299585811768e+11
3.208230307710849609e+11
3.208207408131062012e+11
3.208189011009020386e+11
3.208193040248451538e+11
3.208177594559655151e+11
3.208141627953768311e+11
3.208128576712875977e+11
3.208128945474721069e+11
3.208115452022054443e+11
3.208095633433167725e+11
3.208074428075802612e+11
3.208060479678109741e+11
3.208052150880118408e+11
3.208035690313408203e+11
3.208016182051254883e+11
3.208014164654862061e+11
3.208007920463274536e+11
3.208009472632689209e+11
3.208020062339128418e+11
3.208037747352893677e+11
3.208027004147157593e+11
3.208039459419263306e+11
3.208080721261568604e+11
3.208073851300687256e+11
3.208103817834741821e+11
3.208094023436314697e+11
3.208109826422518921e+11
3.208114145182303467e+11
3.208115395080848389e+11
3.208129423408759766e+11
3.208168865795097046e+11
3.208203465959005127e+11
3.208222830778246460e+11
3.208268648155089111e+11
3.208281377055603638e+11
3.208309846216548462e+11
3.208359057043352051e+11
3.208409145544596558e+11
3.208460000958564453e+11
3.208499240909949951e+11
3.208524462325621338e+11
3.208568246837688599e+11
3.208605408909040527e+11
3.208644329194437256e+11
3.208701627705941772e+11
3.208755376917620850e+11
3.208796630088040771e+11
3.208850600023395386e+11
3.208910896881879883e+11
3.208954213717915649e+11
3.209005936608672485e+11
3.209063629302802124e+11
3.209121305147859497e+11
3.209167823436351929e+11
3.209232141778653564e+11
3.209286225412032471e+11
3.209360050885075684e+11
3.209426930235558472e+11
3.209501333428096313e+11
3.209581343120809937e+11
3.209650707029494629e+11
3.209718574490977173e+11
3.209802967155813599e+11
3.209874077156492920e+11
3.209942427777588501e+11
3.210020287476724243e+11
3.210109639242573853e+11
3.210194097446918335e+11
3.210260244416738281e+11
3.210332286579896851e+11
3.210403228051589355e+11
3.210487094404212036e+11
3.210575734442129517e+11
3.210673958054661255e+11
3.210760231808592529e+11
3.210841454123721924e+11
3.210940849998524170e+11
3.211030027574056396e+11
3.211126023362521973e+11
3.211231686215684814e+11
3.211330788930115967e+11
3.211420338242192993e+11
3.211536765201683350e+11
3.211634188833878174e+11
3.211730029652407837e+11
3.211855368992177734e+11
3.211956569758779907e+11
3.212037853854621582e+11
3.212141084528688965e+11
3.212246650787333984e+11
3.212367136638976440e+11
3.212483270838013306e+11
3.212582782559201050e+11
3.212691467181434937e+11
3.212824622591226807e+11
3.212921470042028809e+11
3.213033795228992310e+11
3.213149056977342529e+11
3.213236811961743164e+11
3.213340300711132812e+11
3.213435183341948242e+11
3.213554447539286499e+11
3.213663401963335571e+11
3.213776685125799561e+11
3.213919713513149414e+11
3.214036696574792480e+11
3.214146976111688843e+11
3.214264403325545044e+11
3.214392185640944824e+11
3.214514120666748047e+11
3.214623679729707031e+11
3.214737347730614624e+11
3.214856977680153809e+11
3.214968832475251465e+11
3.215093523483867188e+11
3.215189622082426147e+11
3.215318159490768433e+11
3.215435495548123169e+11
3.215557468523114014e+11
3.215697229934166870e+11
3.215820973626921997e+11
3.215933660574785156e+11
3.216083810431201172e+11
3.216197490321098022e+11
3.216329894268676147e+11
3.216461683424481201e+11
3.216597237189392700e+11
3.216742390064686890e+11
3.216859390089049072e+11
3.216999146767786255e+11
3.217132371730941772e+11
3.217287203349435425e+11
3.217417910038068237e+11
3.217570544266223145e+11
3.217705364232736206e+11
3.217833070566826782e+11
3.217967942573922729e+11
3.218111308350675049e+11
3.218241549392292480e+11
3.218390859553851929e+11
3.218535554322096558e+11
3.218705335308010864e+11
3.218866659719326172e+11
3.219016280730178833e+11
3.219171097389151611e+11
3.219329548636542358e+11
3.219474655184153442e+11
3.219644708258911743e+11
3.219794826178070679e+11
3.219945552358688354e+11
3.220105295632562866e+11
3.220269476772910156e+11
3.220430742237991943e+11
3.220602535092127686e+11
3.220779473497656860e+11
3.220962683298522949e+11
3.221161045868083496e+11
3.221323399543178711e+11
3.221499949756494141e+11
3.221681043526311646e+11
3.221856212845289917e+11
3.222029480862927246e+11
3.222208768565143433e+11
3.222353747096104736e+11
3.222543351647710571e+11
3.222743509522605591e+11
3.222934510526854858e+11
3.223130075216704102e+11
3.223357980404594727e+11
3.223546262174412842e+11
3.223730019009887695e+11
3.223924259760789185e+11
3.224119212766868286e+11
3.224287639007951050e+11
3.224482347241117554e+11
3.224667582732545166e+11
3.224848863570137939e+11
3.225050285684071045e+11
3.225233839415043945e+11
3.225438435391453857e+11
3.225656781730051880e+11
3.225832877897105713e+11
3.226050639716060791e+11
3.226267508515889282e+11
3.226480943144163818e+11
3.226694229007915649e+11
3.226902652579844971e+11
3.227102843529030762e+11
3.227309980053217163e+11
3.227535180322115479e+11
3.227757348370493164e+11
3.227998355762699585e+11
3.228227295300059204e+11
3.228443084061159668e+11
3.228672130059345703e+11
3.228875070857595825e+11
3.229115234059008179e+11
3.229351764618413086e+11
3.229561556474749756e+11
3.229795611999726562e+11
3.229995590406095581e+11
3.230249161189500732e+11
3.230486234723533936e+11
3.230680477956994629e+11
3.230932613601298218e+11
3.231214142087477417e+11
3.231478847012542114e+11
3.231705066504263916e+11
3.231956932975902710e+11
3.232211724677150879e+11
3.232440309191527710e+11
3.232677854980808105e+11
3.232920267052357178e+11
3.233172214728960571e+11
3.233462063823824463e+11
3.233725325811795654e+11
3.233974868641007080e+11
3.234247001617329102e+11
3.234506815339519043e+11
3.234766673227215576e+11
3.235032456624093018e+11
3.235309211682427979e+11
3.235596091360408936e+11
3.235891691334758301e+11
3.236187237630378418e+11
3.236491804371260986e+11
3.236778776757785034e+11
3.237072307752465820e+11
3.237345598164927368e+11
3.237633889533699951e+11
3.237918908758481445e+11
3.238228677030356445e+11
3.238550045886381226e+11
3.238853767885704956e+11
3.239119773725051270e+11
3.239426164338312378e+11
3.239742867340783691e+11
3.240051779863413086e+11
3.240377357722642822e+11
3.240721329554295044e+11
3.241084891755024414e+11
3.241423154088678589e+11
3.241747601126840820e+11
3.242091074066285400e+11
3.242426042255364380e+11
3.242786832424031372e+11
3.243140356696694336e+11
3.243535190872731934e+11
3.243850107536986694e+11
3.244255955857257080e+11
3.244661889530246582e+11
3.245012702173341675e+11
3.245350855196586914e+11
3.245762510485054321e+11
3.246102125324306030e+11
3.246522515106043701e+11
3.246899595165571289e+11
3.247287496519228516e+11
3.247721356126862793e+11
3.248110491465232544e+11
3.248542526085136719e+11
3.248947433354485474e+11
3.249331989951594238e+11
3.249734715697639160e+11
3.250148175410023804e+11
3.250615999849892578e+11
3.251034994437072754e+11
3.251461512905789185e+11
3.251939510890467529e+11
3.252380368493566284e+11
3.252768249130983276e+11
3.253245259358804321e+11
3.253677602950219727e+11
3.254134043269514160e+11
3.254588254306284180e+11
3.255098915793275146e+11
3.255614115192634277e+11
3.256095987458858643e+11
3.256606360879391479e+11
3.257092686913726807e+11
3.257655617562875366e+11
3.258117814713365479e+11
3.258629512518063965e+11
3.259163968256641235e+11
3.259706107934232788e+11
3.260241800240233765e+11
3.260746793071058350e+11
3.261357184397834473e+11
3.261928466469972534e+11
3.262572752904060669e+11
3.263129779444747925e+11
3.263698476755077515e+11
3.264336782747268066e+11
3.265001852854631348e+11
3.265587073841317749e+11
3.266162423979445190e+11
3.266767451927097168e+11
3.267429588825612183e+11
3.268071968123560181e+11
3.268709512057325439e+11
3.269383087366208496e+11
3.270021450373789673e+11
3.270697311028874512e+11
3.271410928469212646e+11
3.272109554318446045e+11
3.272744517781722412e+11
3.273438573026703491e+11
3.274082585640567627e+11
3.274816785087844849e+11
3.275536371063140869e+11
3.276288864464337769e+11
3.277104194033187866e+11
3.277828292940662842e+11
3.278582706065932007e+11
3.279461385040790405e+11
3.280230025495352173e+11
3.281019156867432861e+11
3.281849624215631714e+11
3.282809648815794067e+11
3.283607984937814331e+11
3.284495875846750488e+11
3.285434020216112061e+11
3.286342117998568115e+11
3.287145806939553833e+11
3.288015668204891968e+11
3.289043187338611450e+11
3.289957936123315430e+11
3.290901483172556763e+11
3.291937641496525879e+11
3.292857034591374512e+11
3.293818371430903320e+11
3.294806924580936279e+11
3.295917908146589355e+11
3.297030747124818115e+11
3.298042630478544922e+11
3.299219490354058228e+11
3.300257909871610107e+11
3.301273511487160645e+11
3.302396892365225830e+11
3.303442649673526001e+11
3.304747766168112793e+11
3.305927819837801514e+11
3.307026883258359985e+11
3.308324422085827637e+11
3.309535276488345337e+11
3.310721579503533936e+11
3.311933538179622803e+11
3.313242358469982910e+11
3.314565772449798584e+11
3.315881534231555176e+11
3.317379696964523926e+11
3.318821969443460083e+11
3.320120306557482300e+11
3.321643405500453491e+11
3.323377963530893555e+11
3.324705154990999756e+11
3.326305024458670044e+11
3.327994630680802612e+11
