0.000000000000000000e+00
-1.110223024625156540e-16
-1.417560581746801773e-04
-2.837833746591744699e-04
-4.259934180820268423e-04
-5.683984278164189163e-04
-7.110088077288967412e-04
-8.537616105103174036e-04
-9.967029031356933189e-04
-1.139825381245462843e-03
-1.283053936117384275e-03
-1.426592750901845008e-03
-1.570323733108058839e-03
-1.714149766369077454e-03
-1.858197032097108625e-03
-2.002448268481393789e-03
-2.146968347349287320e-03
-2.291647962295417784e-03
-2.436427717963707273e-03
-2.581570455259862840e-03
-2.726939993729970979e-03
-2.872396637133012298e-03
-3.018006577473530960e-03
-3.163697566268552919e-03
-3.309509066781735065e-03
-3.455532731908572686e-03
-3.601739726906028061e-03
-3.748085823694902174e-03
-3.894611264650849058e-03
-4.041332794554208796e-03
-4.188253782313022811e-03
-4.335346223298452983e-03
-4.482608930736708963e-03
-4.630052205124246534e-03
-4.777637215071406374e-03
-4.925425445861164597e-03
-5.073411978861130933e-03
-5.221633180293783205e-03
-5.370025969033132007e-03
-5.518494814622632028e-03
-5.667091486937336775e-03
-5.815850174824443997e-03
-5.964810947235110739e-03
-6.113954106333863159e-03
-6.263217881407490140e-03
-6.412646503721530777e-03
-6.562264207428003537e-03
-6.712050989492457376e-03
-6.861998608123753840e-03
-7.012087249382403797e-03
-7.162299560921292496e-03
-7.312708262026013095e-03
-7.463282118494785067e-03
-7.614032611214516244e-03
-7.765026780949590979e-03
-7.916056677167104816e-03
-8.067243954504754733e-03
-8.218598333457838301e-03
-8.370043092995715917e-03
-8.521698987356218780e-03
-8.673508482084257842e-03
-8.825419624729491375e-03
-8.977450897600269819e-03
-9.129616877286417242e-03
-9.281948670692319325e-03
-9.434405630044717661e-03
-9.586971836141100489e-03
-9.739740060730195381e-03
-9.892765278311621557e-03
-1.004595473540537132e-02
-1.019920677864305514e-02
-1.035259342993688492e-02
-1.050604810704891534e-02
-1.065957921637905592e-02
-1.081328359961375440e-02
-1.096712262757792988e-02
-1.112117817263802433e-02
-1.127537140371059898e-02
-1.142966560346037053e-02
-1.158406844030135385e-02
-1.173854006767216518e-02
-1.189312545894249951e-02
-1.204790536660127476e-02
-1.220291200557155342e-02
-1.235804674803009373e-02
-1.251321550752848566e-02
-1.266848643865325919e-02
-1.282385667253871375e-02
-1.297929934030583876e-02
-1.313494780898649683e-02
-1.329070712746216465e-02
-1.344658218116978610e-02
-1.360261930199579972e-02
-1.375883160107593817e-02
-1.391521533533512933e-02
-1.407169212853065510e-02
-1.422817405607956776e-02
-1.438469136885667243e-02
-1.454138815340400015e-02
-1.469821511940561098e-02
-1.485513776803104591e-02
-1.501218269729831523e-02
-1.516933905638528923e-02
-1.532659159197047316e-02
-1.548394621794002557e-02
-1.564143453180677490e-02
-1.579898907277021980e-02
-1.595667877781448141e-02
-1.611454746538087957e-02
-1.627245183043168897e-02
-1.643039863245365773e-02
-1.658851579956788225e-02
-1.674674719997126804e-02
-1.690500048645038333e-02
-1.706338051882638762e-02
-1.722191619803525864e-02
-1.738053237157977104e-02
-1.753927371305641358e-02
-1.769810475869659783e-02
-1.785698397044366281e-02
-1.801604833967540564e-02
-1.817527136942109767e-02
-1.833457820319539522e-02
-1.849398367122678799e-02
-1.865341235808681830e-02
-1.881290312338879112e-02
-1.897252971296470303e-02
-1.913222628190602848e-02
-1.929198973664791872e-02
-1.945180201559526534e-02
-1.961177776724576383e-02
-1.977195486437310912e-02
-1.993220163500841746e-02
-2.009246275183718122e-02
-2.025283364774610462e-02
-2.041325442880992380e-02
-2.057367310210511668e-02
-2.073421767518091041e-02
-2.089495587499834439e-02
-2.105584631478896185e-02
-2.121676750126788580e-02
-2.137774767350286709e-02
-2.153876454289416209e-02
-2.169979099129037969e-02
-2.186090639836169025e-02
-2.202213862497903740e-02
-2.218347426675149059e-02
-2.234501892919993349e-02
-2.250657891584295633e-02
-2.266814240900227873e-02
-2.282985837209783320e-02
-2.299161305960728541e-02
-2.315349151670698102e-02
-2.331541348604992958e-02
-2.347739339725896102e-02
-2.363942414397890435e-02
-2.380151749868775202e-02
-2.396373141798202600e-02
-2.412591670367170149e-02
-2.428814581056837341e-02
-2.445046340636647386e-02
-2.461281992250652362e-02
-2.477530837647923256e-02
-2.493787562910754207e-02
-2.510042950218227542e-02
-2.526309114316127591e-02
-2.542592133183108061e-02
-2.558888940741965712e-02
-2.575190829384099711e-02
-2.591495107834607126e-02
-2.607800691404282833e-02
-2.624101588546667863e-02
-2.640406270780204512e-02
-2.656721319847821228e-02
-2.673039342171512622e-02
-2.689368951337256508e-02
-2.705720299854375011e-02
-2.722067087553869946e-02
-2.738419050400286991e-02
-2.754785274237403492e-02
-2.771146471616259266e-02
-2.787510270717863392e-02
-2.803879233154327189e-02
-2.820253493348723328e-02
-2.836627348749787281e-02
-2.853007200552393208e-02
-2.869398177709236997e-02
-2.885798980365950062e-02
-2.902212346139887433e-02
-2.918628208920392986e-02
-2.935035932517848778e-02
-2.951448719269111898e-02
-2.967874307535722789e-02
-2.984296154700138981e-02
-3.000726722370239408e-02
-3.017175946537531406e-02
-3.033620219864929801e-02
-3.050062411299170329e-02
-3.066512572055268837e-02
-3.082963078914546795e-02
-3.099414105940878628e-02
-3.115864801356038605e-02
-3.132320166716584531e-02
-3.148782736892552503e-02
-3.165261230232052636e-02
-3.181753021679623039e-02
-3.198256096691409756e-02
-3.214764143104165139e-02
-3.231265064595967296e-02
-3.247776632640453354e-02
-3.264283828850111924e-02
-3.280783562412892262e-02
-3.297286960057344007e-02
-3.313784277086184726e-02
-3.330282902046421967e-02
-3.346791720310926532e-02
-3.363323895489178650e-02
-3.379871347184482122e-02
-3.396408699793285191e-02
-3.412936995648663263e-02
-3.429472022466717451e-02
-3.446003296437827323e-02
-3.462522362208064752e-02
-3.479058043475291573e-02
-3.495605464372364413e-02
-3.512139501532729469e-02
-3.528676172730016436e-02
-3.545225547007002653e-02
-3.561774068541767591e-02
-3.578322520832433185e-02
-3.594870469214661579e-02
-3.611427712053705275e-02
-3.628003091717979522e-02
-3.644581254357959210e-02
-3.661150677015734267e-02
-3.677716179778145467e-02
-3.694287657257477875e-02
-3.710866113303346037e-02
-3.727454494161364096e-02
-3.744034591558420555e-02
-3.760600949639725243e-02
-3.777164231721175103e-02
-3.793724308153001434e-02
-3.810297682939201014e-02
-3.826885648221078906e-02
-3.843477812871132215e-02
-3.860071633604422736e-02
-3.876661751994092686e-02
-3.893256913033182887e-02
-3.909845813365986356e-02
-3.926424377399595489e-02
-3.943004116964043959e-02
-3.959600452010303417e-02
-3.976210812286495866e-02
-3.992807541203047261e-02
-4.009391035830156547e-02
-4.025973713830233169e-02
-4.042564886817046066e-02
-4.059152872329752082e-02
-4.075753641324120213e-02
-4.092369534238926576e-02
-4.108970605083228644e-02
-4.125554176905066317e-02
-4.142146301187243917e-02
-4.158748875405082757e-02
-4.175343652064189559e-02
-4.191929276002426263e-02
-4.208534687671139363e-02
-4.225143033162359618e-02
-4.241747727563349724e-02
-4.258364405661052565e-02
-4.274954136924857817e-02
-4.291529120553105869e-02
-4.308112595923774268e-02
-4.324696752870815786e-02
-4.341277845302338179e-02
-4.357866423460299288e-02
-4.374461034064136555e-02
-4.391054971500940596e-02
-4.407644813108091419e-02
-4.424238248706158227e-02
-4.440829832253589959e-02
-4.457422420587442424e-02
-4.474019598978906664e-02
-4.490615464898661813e-02
-4.507197580423571992e-02
-4.523773434579370090e-02
-4.540346786305982096e-02
-4.556904378664239363e-02
-4.573478091943239399e-02
-4.590061522173316533e-02
-4.606636261397956122e-02
-4.623203609921155977e-02
-4.639760469773090978e-02
-4.656321050850853460e-02
-4.672887270967729378e-02
-4.689454968136486102e-02
-4.706033298224943096e-02
-4.722627883025931617e-02
-4.739197124161320662e-02
-4.755731388184103459e-02
-4.772277398020752237e-02
-4.788826657855460578e-02
-4.805361549314868252e-02
-4.821904602882931545e-02
-4.838456810780822348e-02
-4.854991818589660113e-02
-4.871537811551074348e-02
-4.888109000096063639e-02
-4.904672390981723584e-02
-4.921212693939958083e-02
-4.937735176781132829e-02
-4.954263639486122806e-02
-4.970790522430867941e-02
-4.987305780209005945e-02
-5.003828888145622766e-02
-5.020339638402904203e-02
-5.036833130058893104e-02
-5.053326633759502862e-02
-5.069822277664992605e-02
-5.086311692135925266e-02
-5.102791974401754693e-02
-5.119272489205206611e-02
-5.135744507480932697e-02
-5.152211227054281917e-02
-5.168684669672451992e-02
-5.185192278370598373e-02
-5.201709916668206812e-02
-5.218207831873933333e-02
-5.234702355551401620e-02
-5.251207836911830906e-02
-5.267690497601773547e-02
-5.284147467760347272e-02
-5.300595119835460611e-02
-5.317016899418425258e-02
-5.333429210130569142e-02
-5.349841687670742196e-02
-5.366261839751640395e-02
-5.382693307794739201e-02
-5.399128895340454815e-02
-5.415572244901845078e-02
-5.432014586831901415e-02
-5.448419555266226233e-02
-5.464830791749120120e-02
-5.481260361816164828e-02
-5.497656756741309270e-02
-5.514037091493195764e-02
-5.530426323747095196e-02
-5.546804586907161383e-02
-5.563171317396142790e-02
-5.579526806240175940e-02
-5.595868184904972953e-02
-5.612205340653986241e-02
-5.628538703360830286e-02
-5.644878124409680176e-02
-5.661204550780685185e-02
-5.677542885845143772e-02
-5.693901012009017215e-02
-5.710219375210356940e-02
-5.726515887977956520e-02
-5.742827105512648966e-02
-5.759156038637414099e-02
-5.775490065520361149e-02
-5.791802957635161508e-02
-5.808083247062512111e-02
-5.824353922714187171e-02
-5.840615931808323946e-02
-5.856863563259762095e-02
-5.873129841121316197e-02
-5.889398443604176858e-02
-5.905630249315352298e-02
-5.921855315239710205e-02
-5.938071835804736853e-02
-5.954262411659305698e-02
-5.970452851313456932e-02
-5.986646940511386461e-02
-6.002833569922916279e-02
-6.019014131844058202e-02
-6.035199012023950704e-02
-6.051365386746021535e-02
-6.067520680604143735e-02
-6.083671820698022259e-02
-6.099798230092279283e-02
-6.115943600789242041e-02
-6.132096452164248479e-02
-6.148221665861430818e-02
-6.164358120531043816e-02
-6.180468927436832960e-02
-6.196537210271224616e-02
-6.212625534450699760e-02
-6.228727719384685724e-02
-6.244795197115449170e-02
-6.260832364873225586e-02
-6.276857012396663826e-02
-6.292882263339527604e-02
-6.308912487764062327e-02
-6.324924893495331713e-02
-6.340917199148798922e-02
-6.356907656582522215e-02
-6.372893960173431349e-02
-6.388863231558816747e-02
-6.404814617650222974e-02
-6.420769014558080912e-02
-6.436743131563393838e-02
-6.452696971104177059e-02
-6.468643044299182687e-02
-6.484585410167831299e-02
-6.500521058734143320e-02
-6.516459208926161928e-02
-6.532378252566906074e-02
-6.548268669745838100e-02
-6.564131971447995095e-02
-6.579992677473545104e-02
-6.595869543019061698e-02
-6.611729248213893406e-02
-6.627559018254547407e-02
-6.643394795051205115e-02
-6.659206816965879128e-02
-6.675009446179791528e-02
-6.690819559226346414e-02
-6.706600760267689143e-02
-6.722373926565305968e-02
-6.738130955720933457e-02
-6.753866339971892341e-02
-6.769635770300908018e-02
-6.785404327533506308e-02
-6.801114234752125842e-02
-6.816816904100375663e-02
-6.832540320224855801e-02
-6.848252662224618703e-02
-6.863930598815715101e-02
-6.879580854435018988e-02
-6.895210150875497046e-02
-6.910817763297416594e-02
-6.926412615570098907e-02
-6.942002507388067567e-02
-6.957596560167511601e-02
-6.973181590872967739e-02
-6.988741699424527720e-02
-7.004291854313238197e-02
-7.019832976533790792e-02
-7.035345057547004455e-02
-7.050846430763058059e-02
-7.066355725079231931e-02
-7.081863178097891343e-02
-7.097350116600809056e-02
-7.112826531717353351e-02
-7.128292026287463834e-02
-7.143722406178409923e-02
-7.159150371949951630e-02
-7.174596960330592577e-02
-7.190021095209786495e-02
-7.205417952190429354e-02
-7.220810670421384803e-02
-7.236185099187719683e-02
-7.251531304597880201e-02
-7.266861519002654202e-02
-7.282175988713535109e-02
-7.297477860896584012e-02
-7.312764988223341422e-02
-7.328030914507233096e-02
-7.343286511787472381e-02
-7.358530850602151840e-02
-7.373758839549682254e-02
-7.388992362049739970e-02
-7.404203455496993769e-02
-7.419394873617324304e-02
-7.434568625812609799e-02
-7.449706070066941521e-02
-7.464826663717549771e-02
-7.479932661542243455e-02
-7.495034647998644051e-02
-7.510129253534136851e-02
-7.525224358002735592e-02
-7.540320358161278769e-02
-7.555383391157122208e-02
-7.570430484885060096e-02
-7.585473759682992423e-02
-7.600485825815783691e-02
-7.615461784522514765e-02
-7.630439132557786941e-02
-7.645436056953247572e-02
-7.660414571826501540e-02
-7.675352757828324268e-02
-7.690285702122301448e-02
-7.705225421449601875e-02
-7.720113347030310713e-02
-7.734989437575512383e-02
-7.749863328521133798e-02
-7.764679785646411148e-02
-7.779461466486636834e-02
-7.794236237306118031e-02
-7.808994271240121687e-02
-7.823725263958880571e-02
-7.838438904342615032e-02
-7.853142899164367030e-02
-7.867834087333247517e-02
-7.882519524270559241e-02
-7.897186259500910133e-02
-7.911818874264031631e-02
-7.926448618775627786e-02
-7.941067576674798456e-02
-7.955666380044146280e-02
-7.970244260883219134e-02
-7.984811473292163786e-02
-7.999355628284643416e-02
-8.013865661912011884e-02
-8.028371377681020604e-02
-8.042867213321513997e-02
-8.057342137723333408e-02
-8.071787846717337622e-02
-8.086239630274660861e-02
-8.100703753892746217e-02
-8.115115639248637880e-02
-8.129489052156146922e-02
-8.143846811420751841e-02
-8.158190731193648570e-02
-8.172537370086108144e-02
-8.186845532640352197e-02
-8.201132585316894819e-02
-8.215415178458795875e-02
-8.229661143972111237e-02
-8.243880531505920484e-02
-8.258105651768066213e-02
-8.272309459277560340e-02
-8.286483895885854434e-02
-8.300631966086802205e-02
-8.314756527019551147e-02
-8.328880062178645183e-02
-8.342963249961266037e-02
-8.357021538630382551e-02
-8.371071524054585211e-02
-8.385103999233645133e-02
-8.399128286332846471e-02
-8.413130993559647663e-02
-8.427109806524080149e-02
-8.441066503995764414e-02
-8.454994324514009119e-02
-8.468907555258620157e-02
-8.482824880750050589e-02
-8.496704951392597405e-02
-8.510553320857239257e-02
-8.524377613209344062e-02
-8.538163904581252961e-02
-8.551930577311539494e-02
-8.565681310889483591e-02
-8.579419900366636043e-02
-8.593124006288344052e-02
-8.606802843571381700e-02
-8.620465822695455582e-02
-8.634102452664460525e-02
-8.647713301290227417e-02
-8.661313195968400880e-02
-8.674899409612679690e-02
-8.688450728579488747e-02
-8.701999096058776750e-02
-8.715534763992927036e-02
-8.729027099593389405e-02
-8.742496232278618162e-02
-8.755935677614135049e-02
-8.769354685995622845e-02
-8.782761879052458642e-02
-8.796140922169937149e-02
-8.809487270722682339e-02
-8.822812372104160694e-02
-8.836124104059139839e-02
-8.849407710943990590e-02
-8.862669224934294210e-02
-8.875915324342653623e-02
-8.889134307484769515e-02
-8.902323417034707642e-02
-8.915507537849887143e-02
-8.928674377231338166e-02
-8.941797859764866185e-02
-8.954891294419031755e-02
-8.967971376620054169e-02
-8.981032925473098061e-02
-8.994060376072199325e-02
-9.007058048440941267e-02
-9.020034502692608758e-02
-9.032992193413247328e-02
-9.045930236985988415e-02
-9.058858790291379748e-02
-9.071784088323908701e-02
-9.084677809328511877e-02
-9.097526751584772420e-02
-9.110347764271164994e-02
-9.123132621844287637e-02
-9.135890405519564439e-02
-9.148622786379112526e-02
-9.161335889858013282e-02
-9.174031884079536514e-02
-9.186699030966272161e-02
-9.199347589172535145e-02
-9.211973741345325095e-02
-9.224561012593734954e-02
-9.237119344963817813e-02
-9.249663025678767081e-02
-9.262176504083585726e-02
-9.274668137452690697e-02
-9.287148572483894249e-02
-9.299594299075419901e-02
-9.312020373518059557e-02
-9.324423422883154622e-02
-9.336793777319318810e-02
-9.349132000652371488e-02
-9.361434179749661411e-02
-9.373718029460320622e-02
-9.385985506502247944e-02
-9.398221026799968847e-02
-9.410419418936311065e-02
-9.422615652874966052e-02
-9.434791833275424366e-02
-9.446932928723505984e-02
-9.459067485016658949e-02
-9.471187838424233174e-02
-9.483284442496953126e-02
-9.495341346305630204e-02
-9.507345398952093962e-02
-9.519308847864593748e-02
-9.531240703375998269e-02
-9.543146255962353663e-02
-9.555042929547041819e-02
-9.566934964346529569e-02
-9.578813656503259999e-02
-9.590641736744276447e-02
-9.602412477390065426e-02
-9.614178948566776128e-02
-9.625933139165165908e-02
-9.637652094184834262e-02
-9.649348792849865575e-02
-9.661011003977371114e-02
-9.672644257317475347e-02
-9.684241182941122350e-02
-9.695812515291857281e-02
-9.707371569681677581e-02
-9.718892902260423128e-02
-9.730377706933257542e-02
-9.741838889083076491e-02
-9.753272922504607756e-02
-9.764667008047378527e-02
-9.776031377560745472e-02
-9.787368862314815843e-02
-9.798684136105284548e-02
-9.809971592016242248e-02
-9.821219013452231472e-02
-9.832439020116290340e-02
-9.843634775888954191e-02
-9.854805258295251669e-02
-9.865947450734380286e-02
-9.877072639710882118e-02
-9.888185535121651881e-02
-9.899281996717601562e-02
-9.910333290234663028e-02
-9.921337259341067583e-02
-9.932308338432438433e-02
-9.943250570412787148e-02
-9.954175397879105880e-02
-9.965059100835593764e-02
-9.975901588218094584e-02
-9.986726577794313719e-02
-9.997537747784990270e-02
-1.000831509693376198e-01
-1.001905093838476590e-01
-1.002975882234894422e-01
-1.004045018154035018e-01
-1.005111657411256187e-01
-1.006175545697514107e-01
-1.007235205559423585e-01
-1.008292095877220129e-01
-1.009346886760743578e-01
-1.010397497092581087e-01
-1.011445629755829412e-01
-1.012491512470373722e-01
-1.013533488592384124e-01
-1.014572265019948460e-01
-1.015608192266392873e-01
-1.016640792346419353e-01
-1.017670114782376345e-01
-1.018697113901368967e-01
-1.019721978926728667e-01
-1.020742969098095143e-01
-1.021760600881352898e-01
-1.022776622380723310e-01
-1.023789846162450612e-01
-1.024798486238180928e-01
-1.025803322885259217e-01
-1.026806358019379806e-01
-1.027806941948630204e-01
-1.028803716717190397e-01
-1.029797940146908175e-01
-1.030789391653497145e-01
-1.031776173279332909e-01
-1.032760066990802139e-01
-1.033740901195905337e-01
-1.034717120255754796e-01
-1.035691215164997736e-01
-1.036663160786074345e-01
-1.037633184380281071e-01
-1.038599548250824789e-01
-1.039561943668853017e-01
-1.040523418996187610e-01
-1.041482196801698512e-01
-1.042436977089513661e-01
-1.043387643636836115e-01
-1.044334436013245604e-01
-1.045277643487581010e-01
-1.046217380727683111e-01
-1.047153900707540330e-01
-1.048087401295472176e-01
-1.049017912618652737e-01
-1.049944637509770962e-01
-1.050869043687499005e-01
-1.051790547785179664e-01
-1.052707946399217276e-01
-1.053622147479771343e-01
-1.054534216234470634e-01
-1.055443098695532100e-01
-1.056347850938755828e-01
-1.057249271663146528e-01
-1.058147349678714155e-01
-1.059043006635779216e-01
-1.059936295813500573e-01
-1.060825992499980774e-01
-1.061712778307287719e-01
-1.062597538254208551e-01
-1.063478539910495124e-01
-1.064356501457915938e-01
-1.065230958098111191e-01
-1.066100365179964982e-01
-1.066967991672022054e-01
-1.067833048562479847e-01
-1.068694100924375556e-01
-1.069551418598693182e-01
-1.070405555729592173e-01
-1.071256447464364880e-01
-1.072103743635718365e-01
-1.072948207050942182e-01
-1.073789234042140661e-01
-1.074627450350722491e-01
-1.075462035461414168e-01
-1.076292709959306704e-01
-1.077119983891022814e-01
-1.077944742226267794e-01
-1.078766780798768865e-01
-1.079585203112548575e-01
-1.080400569611806860e-01
-1.081212675441515225e-01
-1.082021931782962687e-01
-1.082827230368640370e-01
-1.083628666300446852e-01
-1.084427774054824711e-01
-1.085224286341126554e-01
-1.086017507523212577e-01
-1.086806801632942410e-01
-1.087591983664730755e-01
-1.088374844027840682e-01
-1.089154316861146166e-01
-1.089929340272318692e-01
-1.090701711983611544e-01
-1.091470706801789259e-01
-1.092235681605651099e-01
-1.092997216200273236e-01
-1.093755623254053511e-01
-1.094510759597674410e-01
-1.095262299341360768e-01
-1.096010799428071003e-01
-1.096756751171055200e-01
-1.097499885439493506e-01
-1.098239708717037022e-01
-1.098975390018531728e-01
-1.099707298623818774e-01
-1.100435664464842755e-01
-1.101161490889674965e-01
-1.101883941376361475e-01
-1.102602400503780444e-01
-1.103317504830921836e-01
-1.104028851010955270e-01
-1.104737083132485420e-01
-1.105441856020047409e-01
-1.106143182214212040e-01
-1.106841171402218604e-01
-1.107535930901322185e-01
-1.108227595471427129e-01
-1.108915658160000151e-01
-1.109600106096545469e-01
-1.110281694896210203e-01
-1.110960386834586311e-01
-1.111635119753003886e-01
-1.112307156686233034e-01
-1.112976308450540630e-01
-1.113641093886341693e-01
-1.114302007118006532e-01
-1.114959676014687373e-01
-1.115613993279130911e-01
-1.116265093371392458e-01
-1.116912706514286979e-01
-1.117556500829702815e-01
-1.118197318815558061e-01
-1.118834814946283451e-01
-1.119468573602945272e-01
-1.120099413052009218e-01
-1.120726870598907077e-01
-1.121350565304648494e-01
-1.121971476030885206e-01
-1.122588693382344793e-01
-1.123202118460147059e-01
-1.123812864254047916e-01
-1.124420310431958336e-01
-1.125024087779076254e-01
-1.125625371232196192e-01
-1.126223517915979633e-01
-1.126817553720753651e-01
-1.127407643900796286e-01
-1.127993925441191925e-01
-1.128576743700840934e-01
-1.129156284469309268e-01
-1.129732822694564653e-01
-1.130305616421641846e-01
-1.130875090342926548e-01
-1.131441370930582613e-01
-1.132004914413544672e-01
-1.132566053187433752e-01
-1.133123232045982753e-01
-1.133675953585008278e-01
-1.134224739397141635e-01
-1.134770460217799926e-01
-1.135313358486399471e-01
-1.135853227530158049e-01
-1.136389903175571980e-01
-1.136923183734241949e-01
-1.137453285099992994e-01
-1.137979914263933523e-01
-1.138502408793221621e-01
-1.139021773314330410e-01
-1.139537713846404676e-01
-1.140049427737369614e-01
-1.140557465713332164e-01
-1.141062710158198268e-01
-1.141565807441322633e-01
-1.142064322543406840e-01
-1.142559111407766004e-01
-1.143051172219833322e-01
-1.143539858215578686e-01
-1.144026624733457398e-01
-1.144508952587792727e-01
-1.144986629359732166e-01
-1.145461149326701955e-01
-1.145931613615971401e-01
-1.146398223706812658e-01
-1.146861565683261475e-01
-1.147322219394689702e-01
-1.147778845902697187e-01
-1.148232028281690464e-01
-1.148681892501871582e-01
-1.149127897814248289e-01
-1.149570789406316740e-01
-1.150011189084717556e-01
-1.150449688306834917e-01
-1.150885558518156548e-01
-1.151318053110357287e-01
-1.151746000402283920e-01
-1.152168425944175567e-01
-1.152586276753775341e-01
-1.153000738036800144e-01
-1.153411727072688464e-01
-1.153819791552856966e-01
-1.154225243688309366e-01
-1.154626727729780589e-01
-1.155024755427729310e-01
-1.155420063658810781e-01
-1.155811006556315412e-01
-1.156198028499920705e-01
-1.156583114811847723e-01
-1.156964587259211585e-01
-1.157342012244474416e-01
-1.157716578892311610e-01
-1.158086792360749628e-01
-1.158453679619753096e-01
-1.158817176883514266e-01
-1.159177240275827137e-01
-1.159534983607811709e-01
-1.159888832932308711e-01
-1.160238383624563330e-01
-1.160585035778651797e-01
-1.160928619194052658e-01
-1.161268780321522698e-01
-1.161605812319044251e-01
-1.161938412133826093e-01
-1.162268353661293219e-01
-1.162595144753278964e-01
-1.162919658988265104e-01
-1.163244165292622867e-01
-1.163562709548282559e-01
-1.163874666951881798e-01
-1.164184165228209222e-01
-1.164489976349366573e-01
-1.164791752862651686e-01
-1.165090546250471260e-01
-1.165385322994078043e-01
-1.165678051824260431e-01
-1.165968119747492482e-01
-1.166254250430617256e-01
-1.166538729179613654e-01
-1.166819976511567214e-01
-1.167095906593511589e-01
-1.167367479051675261e-01
-1.167636845589892225e-01
-1.167902710490709151e-01
-1.168163763574753267e-01
-1.168422341267343345e-01
-1.168679044417726409e-01
-1.168931251937097571e-01
-1.169178364490454092e-01
-1.169422374744910620e-01
-1.169663015795228134e-01
-1.169899789928782186e-01
-1.170134127114569322e-01
-1.170365687331096360e-01
-1.170593613268703370e-01
-1.170817599436247969e-01
-1.171037487012718259e-01
-1.171255613284837294e-01
-1.171469724930984668e-01
-1.171678234540139973e-01
-1.171884264509638340e-01
-1.172088558496008348e-01
-1.172289463911950769e-01
-1.172485746669184037e-01
-1.172679217842131916e-01
-1.172868768528928518e-01
-1.173055786403233158e-01
-1.173240069231304972e-01
-1.173418722686357940e-01
-1.173593811381007379e-01
-1.173765868824663272e-01
-1.173934658305280099e-01
-1.174099839563009784e-01
-1.174261117859934922e-01
-1.174419490137942335e-01
-1.174575389441291362e-01
-1.174727994754829474e-01
-1.174877555609267210e-01
-1.175022969466333889e-01
-1.175164906861408953e-01
-1.175305873634323595e-01
-1.175444071593474415e-01
-1.175576259816875080e-01
-1.175704328881738148e-01
-1.175829115397757363e-01
-1.175950666183076532e-01
-1.176069304547144867e-01
-1.176183924582345774e-01
-1.176296519606382374e-01
-1.176405610402228019e-01
-1.176509705657189375e-01
-1.176612720802628909e-01
-1.176713398624832374e-01
-1.176808536443594289e-01
-1.176899052048453465e-01
-1.176987579132570128e-01
-1.177073593508313198e-01
-1.177155282339936715e-01
-1.177234352790732519e-01
-1.177311297961138870e-01
-1.177383329370337295e-01
-1.177451114752253725e-01
-1.177518715752687850e-01
-1.177582673408644753e-01
-1.177640260827157448e-01
-1.177695215266039153e-01
-1.177746886477396560e-01
-1.177794194313793730e-01
-1.177837946436615102e-01
-1.177879320903649774e-01
-1.177920080735649355e-01
-1.177957202769546186e-01
-1.177992026468102083e-01
-1.178025366009063379e-01
-1.178052373707311196e-01
-1.178073846934416524e-01
-1.178091282996271971e-01
-1.178107014078805248e-01
-1.178121244070758911e-01
-1.178129858453872414e-01
-1.178135895501772890e-01
-1.178140892613935842e-01
-1.178141383409634368e-01
-1.178136572782463309e-01
-1.178128263362382411e-01
-1.178117337741195758e-01
-1.178102322464600338e-01
-1.178085522059743040e-01
-1.178068708959320032e-01
-1.178047975952803972e-01
-1.178023146582678482e-01
-1.177998861262196106e-01
-1.177970440576162625e-01
-1.177936849927899710e-01
-1.177903331617982108e-01
0.000000000000000000e+00
