0.000000000000000000e+00
2.648969035663251148e-03
5.350516156639839593e-03
7.958510640959870486e-03
1.046200425512000542e-02
1.285310336484757343e-02
1.512467391706318054e-02
1.726626505337436335e-02
1.927046700053924866e-02
2.113258881224489016e-02
2.284258321820842319e-02
2.439423859649836324e-02
2.578151025449448852e-02
2.699982708352033356e-02
2.804172181120567764e-02
2.890859346641527772e-02
2.959519814183830810e-02
3.009976636838751496e-02
3.042303798522749680e-02
3.056515838697548837e-02
3.052693219329549734e-02
3.031078281790455797e-02
2.992076818876987510e-02
2.935862053286575346e-02
2.862961020102905429e-02
2.773686504836758715e-02
2.668525568455537567e-02
2.547965819796282894e-02
2.412496066594349564e-02
2.262646692878100829e-02
2.098888492017580987e-02
1.921589860013761530e-02
1.731395995179196845e-02
1.528742910714453451e-02
1.314054079665893937e-02
1.087819388110777830e-02
8.505439931908886919e-03
6.028553793297808383e-03
3.446744116504918409e-03
7.664812440795198967e-04
-2.004510654428748317e-03
-4.858494540067370693e-03
-7.797919527025909403e-03
-1.081129347458520407e-02
-1.390255165685805316e-02
-1.706065043547566606e-02
-2.027234090571961023e-02
-2.353744510524435896e-02
-2.684520506308374355e-02
-3.019325915122006432e-02
0.000000000000000000e+00
