0.000000000000000000e+00
6.400000000000000133e-02
1.280000000000000027e-01
1.920000000000000040e-01
2.560000000000000053e-01
3.200000000000000067e-01
3.840000000000000080e-01
4.480000000000000093e-01
5.120000000000000107e-01
5.760000000000000675e-01
6.400000000000000133e-01
7.039999999999999591e-01
7.680000000000000160e-01
8.320000000000000728e-01
8.960000000000000187e-01
9.599999999999999645e-01
1.024000000000000021e+00
1.088000000000000078e+00
1.152000000000000135e+00
1.215999999999999970e+00
1.280000000000000027e+00
1.344000000000000083e+00
1.407999999999999918e+00
1.471999999999999975e+00
1.536000000000000032e+00
1.600000000000000089e+00
1.664000000000000146e+00
1.727999999999999980e+00
1.792000000000000037e+00
1.856000000000000094e+00
1.919999999999999929e+00
1.983999999999999986e+00
2.048000000000000043e+00
2.112000000000000099e+00
2.176000000000000156e+00
2.240000000000000213e+00
2.304000000000000270e+00
2.367999999999999883e+00
2.431999999999999940e+00
2.495999999999999996e+00
2.560000000000000053e+00
2.624000000000000110e+00
2.688000000000000167e+00
2.752000000000000224e+00
2.815999999999999837e+00
2.879999999999999893e+00
2.943999999999999950e+00
3.008000000000000007e+00
3.072000000000000064e+00
3.136000000000000121e+00
3.200000000000000178e+00
3.264000000000000234e+00
3.328000000000000291e+00
3.391999999999999904e+00
3.455999999999999961e+00
3.520000000000000018e+00
3.584000000000000075e+00
3.648000000000000131e+00
3.712000000000000188e+00
3.776000000000000245e+00
3.839999999999999858e+00
3.903999999999999915e+00
3.967999999999999972e+00
4.032000000000000028e+00
4.096000000000000085e+00
4.160000000000000142e+00
4.224000000000000199e+00
4.288000000000000256e+00
4.352000000000000313e+00
4.416000000000000369e+00
4.480000000000000426e+00
4.544000000000000483e+00
4.608000000000000540e+00
4.671999999999999709e+00
4.735999999999999766e+00
4.799999999999999822e+00
4.863999999999999879e+00
4.927999999999999936e+00
4.991999999999999993e+00
5.056000000000000050e+00
5.120000000000000107e+00
5.184000000000000163e+00
5.248000000000000220e+00
5.312000000000000277e+00
5.376000000000000334e+00
5.440000000000000391e+00
5.504000000000000448e+00
5.568000000000000504e+00
5.631999999999999673e+00
5.695999999999999730e+00
5.759999999999999787e+00
5.823999999999999844e+00
5.887999999999999901e+00
5.951999999999999957e+00
6.016000000000000014e+00
6.080000000000000071e+00
6.144000000000000128e+00
6.208000000000000185e+00
6.272000000000000242e+00
6.336000000000000298e+00
6.400000000000000355e+00
6.464000000000000412e+00
6.528000000000000469e+00
6.592000000000000526e+00
6.656000000000000583e+00
6.719999999999999751e+00
6.783999999999999808e+00
6.847999999999999865e+00
6.911999999999999922e+00
6.975999999999999979e+00
7.040000000000000036e+00
7.104000000000000092e+00
7.168000000000000149e+00
7.232000000000000206e+00
7.296000000000000263e+00
7.360000000000000320e+00
7.424000000000000377e+00
7.488000000000000433e+00
7.552000000000000490e+00
7.616000000000000547e+00
7.679999999999999716e+00
7.743999999999999773e+00
7.807999999999999829e+00
7.871999999999999886e+00
7.935999999999999943e+00
8.000000000000000000e+00
8.064000000000000057e+00
8.128000000000000114e+00
8.192000000000000171e+00
8.256000000000000227e+00
8.320000000000000284e+00
8.384000000000000341e+00
8.448000000000000398e+00
8.512000000000000455e+00
8.576000000000000512e+00
8.640000000000000568e+00
8.704000000000000625e+00
8.768000000000000682e+00
8.832000000000000739e+00
8.896000000000000796e+00
8.960000000000000853e+00
9.024000000000000909e+00
9.088000000000000966e+00
9.152000000000001023e+00
9.216000000000001080e+00
9.279999999999999361e+00
9.343999999999999417e+00
9.407999999999999474e+00
9.471999999999999531e+00
9.535999999999999588e+00
9.599999999999999645e+00
9.663999999999999702e+00
9.727999999999999758e+00
9.791999999999999815e+00
9.855999999999999872e+00
9.919999999999999929e+00
9.983999999999999986e+00
1.004800000000000004e+01
1.011200000000000010e+01
1.017600000000000016e+01
1.024000000000000021e+01
1.030400000000000027e+01
1.036800000000000033e+01
1.043200000000000038e+01
1.049600000000000044e+01
1.056000000000000050e+01
1.062400000000000055e+01
1.068800000000000061e+01
1.075200000000000067e+01
1.081600000000000072e+01
1.088000000000000078e+01
1.094400000000000084e+01
1.100800000000000090e+01
1.107200000000000095e+01
1.113600000000000101e+01
1.120000000000000107e+01
1.126399999999999935e+01
1.132799999999999940e+01
1.139199999999999946e+01
1.145599999999999952e+01
1.151999999999999957e+01
1.158399999999999963e+01
1.164799999999999969e+01
1.171199999999999974e+01
1.177599999999999980e+01
1.183999999999999986e+01
1.190399999999999991e+01
1.196799999999999997e+01
1.203200000000000003e+01
1.209600000000000009e+01
1.216000000000000014e+01
1.222400000000000020e+01
1.228800000000000026e+01
1.235200000000000031e+01
1.241600000000000037e+01
1.248000000000000043e+01
1.254400000000000048e+01
1.260800000000000054e+01
1.267200000000000060e+01
1.273600000000000065e+01
1.280000000000000071e+01
1.286400000000000077e+01
1.292800000000000082e+01
1.299200000000000088e+01
1.305600000000000094e+01
1.312000000000000099e+01
1.318400000000000105e+01
1.324800000000000111e+01
1.331200000000000117e+01
1.337599999999999945e+01
1.343999999999999950e+01
1.350399999999999956e+01
1.356799999999999962e+01
1.363199999999999967e+01
1.369599999999999973e+01
1.375999999999999979e+01
1.382399999999999984e+01
1.388799999999999990e+01
1.395199999999999996e+01
1.401600000000000001e+01
1.408000000000000007e+01
1.414400000000000013e+01
1.420800000000000018e+01
1.427200000000000024e+01
1.433600000000000030e+01
1.440000000000000036e+01
1.446400000000000041e+01
1.452800000000000047e+01
1.459200000000000053e+01
1.465600000000000058e+01
1.472000000000000064e+01
1.478400000000000070e+01
1.484800000000000075e+01
1.491200000000000081e+01
1.497600000000000087e+01
1.504000000000000092e+01
1.510400000000000098e+01
1.516800000000000104e+01
1.523200000000000109e+01
1.529600000000000115e+01
1.535999999999999943e+01
1.542399999999999949e+01
1.548799999999999955e+01
1.555199999999999960e+01
1.561599999999999966e+01
1.567999999999999972e+01
1.574399999999999977e+01
1.580799999999999983e+01
1.587199999999999989e+01
1.593599999999999994e+01
1.600000000000000000e+01
1.606400000000000006e+01
1.612800000000000011e+01
1.619200000000000017e+01
1.625600000000000023e+01
1.632000000000000028e+01
1.638400000000000034e+01
1.644800000000000040e+01
1.651200000000000045e+01
1.657600000000000051e+01
1.664000000000000057e+01
1.670400000000000063e+01
1.676800000000000068e+01
1.683200000000000074e+01
1.689600000000000080e+01
1.696000000000000085e+01
1.702400000000000091e+01
1.708800000000000097e+01
1.715200000000000102e+01
1.721600000000000108e+01
1.728000000000000114e+01
1.734400000000000119e+01
1.740800000000000125e+01
1.747200000000000131e+01
1.753600000000000136e+01
1.760000000000000142e+01
1.766400000000000148e+01
1.772800000000000153e+01
1.779200000000000159e+01
1.785600000000000165e+01
1.792000000000000171e+01
1.798400000000000176e+01
1.804800000000000182e+01
1.811200000000000188e+01
1.817600000000000193e+01
1.824000000000000199e+01
1.830400000000000205e+01
1.836800000000000210e+01
1.843200000000000216e+01
1.849599999999999866e+01
1.855999999999999872e+01
1.862399999999999878e+01
1.868799999999999883e+01
1.875199999999999889e+01
1.881599999999999895e+01
1.887999999999999901e+01
1.894399999999999906e+01
1.900799999999999912e+01
1.907199999999999918e+01
1.913599999999999923e+01
1.919999999999999929e+01
1.926399999999999935e+01
1.932799999999999940e+01
1.939199999999999946e+01
1.945599999999999952e+01
1.951999999999999957e+01
1.958399999999999963e+01
1.964799999999999969e+01
1.971199999999999974e+01
1.977599999999999980e+01
1.983999999999999986e+01
1.990399999999999991e+01
1.996799999999999997e+01
2.003200000000000003e+01
2.009600000000000009e+01
2.016000000000000014e+01
2.022400000000000020e+01
2.028800000000000026e+01
2.035200000000000031e+01
2.041600000000000037e+01
2.048000000000000043e+01
2.054400000000000048e+01
2.060800000000000054e+01
2.067200000000000060e+01
2.073600000000000065e+01
2.080000000000000071e+01
2.086400000000000077e+01
2.092800000000000082e+01
2.099200000000000088e+01
2.105600000000000094e+01
2.112000000000000099e+01
2.118400000000000105e+01
2.124800000000000111e+01
2.131200000000000117e+01
2.137600000000000122e+01
2.144000000000000128e+01
2.150400000000000134e+01
2.156800000000000139e+01
2.163200000000000145e+01
2.169600000000000151e+01
2.176000000000000156e+01
2.182400000000000162e+01
2.188800000000000168e+01
2.195200000000000173e+01
2.201600000000000179e+01
2.208000000000000185e+01
2.214400000000000190e+01
2.220800000000000196e+01
2.227200000000000202e+01
2.233600000000000207e+01
2.240000000000000213e+01
2.246400000000000219e+01
2.252799999999999869e+01
2.259199999999999875e+01
2.265599999999999881e+01
2.271999999999999886e+01
2.278399999999999892e+01
2.284799999999999898e+01
2.291199999999999903e+01
2.297599999999999909e+01
2.303999999999999915e+01
2.310399999999999920e+01
2.316799999999999926e+01
2.323199999999999932e+01
2.329599999999999937e+01
2.335999999999999943e+01
2.342399999999999949e+01
2.348799999999999955e+01
2.355199999999999960e+01
2.361599999999999966e+01
2.367999999999999972e+01
2.374399999999999977e+01
2.380799999999999983e+01
2.387199999999999989e+01
2.393599999999999994e+01
2.400000000000000000e+01
2.406400000000000006e+01
2.412800000000000011e+01
2.419200000000000017e+01
2.425600000000000023e+01
2.432000000000000028e+01
2.438400000000000034e+01
2.444800000000000040e+01
2.451200000000000045e+01
2.457600000000000051e+01
2.464000000000000057e+01
2.470400000000000063e+01
2.476800000000000068e+01
2.483200000000000074e+01
2.489600000000000080e+01
2.496000000000000085e+01
2.502400000000000091e+01
2.508800000000000097e+01
2.515200000000000102e+01
2.521600000000000108e+01
2.528000000000000114e+01
2.534400000000000119e+01
2.540800000000000125e+01
2.547200000000000131e+01
2.553600000000000136e+01
2.560000000000000142e+01
2.566400000000000148e+01
2.572800000000000153e+01
2.579200000000000159e+01
2.585600000000000165e+01
2.592000000000000171e+01
2.598400000000000176e+01
2.604800000000000182e+01
2.611200000000000188e+01
2.617600000000000193e+01
2.624000000000000199e+01
2.630400000000000205e+01
2.636800000000000210e+01
2.643200000000000216e+01
2.649600000000000222e+01
2.656000000000000227e+01
2.662400000000000233e+01
2.668799999999999883e+01
2.675199999999999889e+01
2.681599999999999895e+01
2.687999999999999901e+01
2.694399999999999906e+01
2.700799999999999912e+01
2.707199999999999918e+01
2.713599999999999923e+01
2.719999999999999929e+01
2.726399999999999935e+01
2.732799999999999940e+01
2.739199999999999946e+01
2.745599999999999952e+01
2.751999999999999957e+01
2.758399999999999963e+01
2.764799999999999969e+01
2.771199999999999974e+01
2.777599999999999980e+01
2.783999999999999986e+01
2.790399999999999991e+01
2.796799999999999997e+01
2.803200000000000003e+01
2.809600000000000009e+01
2.816000000000000014e+01
2.822400000000000020e+01
2.828800000000000026e+01
2.835200000000000031e+01
2.841600000000000037e+01
2.848000000000000043e+01
2.854400000000000048e+01
2.860800000000000054e+01
2.867200000000000060e+01
2.873600000000000065e+01
2.880000000000000071e+01
2.886400000000000077e+01
2.892800000000000082e+01
2.899200000000000088e+01
2.905600000000000094e+01
2.912000000000000099e+01
2.918400000000000105e+01
2.924800000000000111e+01
2.931200000000000117e+01
2.937600000000000122e+01
2.944000000000000128e+01
2.950400000000000134e+01
2.956800000000000139e+01
2.963200000000000145e+01
2.969600000000000151e+01
2.976000000000000156e+01
2.982400000000000162e+01
2.988800000000000168e+01
2.995200000000000173e+01
3.001600000000000179e+01
3.008000000000000185e+01
3.014400000000000190e+01
3.020800000000000196e+01
3.027200000000000202e+01
3.033600000000000207e+01
3.040000000000000213e+01
3.046400000000000219e+01
3.052800000000000225e+01
3.059200000000000230e+01
3.065600000000000236e+01
3.071999999999999886e+01
3.078399999999999892e+01
3.084799999999999898e+01
3.091199999999999903e+01
3.097599999999999909e+01
3.103999999999999915e+01
3.110399999999999920e+01
3.116799999999999926e+01
3.123199999999999932e+01
3.129599999999999937e+01
3.135999999999999943e+01
3.142399999999999949e+01
3.148799999999999955e+01
3.155199999999999960e+01
3.161599999999999966e+01
3.167999999999999972e+01
3.174399999999999977e+01
3.180799999999999983e+01
3.187199999999999989e+01
3.193599999999999994e+01
3.200000000000000000e+01
3.206400000000000006e+01
3.212800000000000011e+01
3.219200000000000017e+01
3.225600000000000023e+01
3.232000000000000028e+01
3.238400000000000034e+01
3.244800000000000040e+01
3.251200000000000045e+01
3.257600000000000051e+01
3.264000000000000057e+01
3.270400000000000063e+01
3.276800000000000068e+01
3.283200000000000074e+01
3.289600000000000080e+01
3.296000000000000085e+01
3.302400000000000091e+01
3.308800000000000097e+01
3.315200000000000102e+01
3.321600000000000108e+01
3.328000000000000114e+01
3.334400000000000119e+01
3.340800000000000125e+01
3.347200000000000131e+01
3.353600000000000136e+01
3.360000000000000142e+01
3.366400000000000148e+01
3.372800000000000153e+01
3.379200000000000159e+01
3.385600000000000165e+01
3.392000000000000171e+01
3.398400000000000176e+01
3.404800000000000182e+01
3.411200000000000188e+01
3.417600000000000193e+01
3.424000000000000199e+01
3.430400000000000205e+01
3.436800000000000210e+01
3.443200000000000216e+01
3.449600000000000222e+01
3.456000000000000227e+01
3.462400000000000233e+01
3.468800000000000239e+01
3.475200000000000244e+01
3.481600000000000250e+01
3.488000000000000256e+01
3.494400000000000261e+01
3.500800000000000267e+01
3.507200000000000273e+01
3.513600000000000279e+01
3.520000000000000284e+01
3.526400000000000290e+01
3.532800000000000296e+01
3.539200000000000301e+01
3.545600000000000307e+01
3.552000000000000313e+01
3.558400000000000318e+01
3.564800000000000324e+01
3.571200000000000330e+01
3.577600000000000335e+01
3.584000000000000341e+01
3.590400000000000347e+01
3.596800000000000352e+01
3.603200000000000358e+01
3.609600000000000364e+01
3.616000000000000369e+01
3.622400000000000375e+01
3.628800000000000381e+01
3.635200000000000387e+01
3.641600000000000392e+01
3.648000000000000398e+01
3.654400000000000404e+01
3.660800000000000409e+01
3.667200000000000415e+01
3.673600000000000421e+01
3.680000000000000426e+01
3.686400000000000432e+01
3.692799999999999727e+01
3.699199999999999733e+01
3.705599999999999739e+01
3.711999999999999744e+01
3.718399999999999750e+01
3.724799999999999756e+01
3.731199999999999761e+01
3.737599999999999767e+01
3.743999999999999773e+01
3.750399999999999778e+01
3.756799999999999784e+01
3.763199999999999790e+01
3.769599999999999795e+01
3.775999999999999801e+01
3.782399999999999807e+01
3.788799999999999812e+01
3.795199999999999818e+01
3.801599999999999824e+01
3.807999999999999829e+01
3.814399999999999835e+01
3.820799999999999841e+01
3.827199999999999847e+01
3.833599999999999852e+01
3.839999999999999858e+01
3.846399999999999864e+01
3.852799999999999869e+01
3.859199999999999875e+01
3.865599999999999881e+01
3.871999999999999886e+01
3.878399999999999892e+01
3.884799999999999898e+01
3.891199999999999903e+01
3.897599999999999909e+01
3.903999999999999915e+01
3.910399999999999920e+01
3.916799999999999926e+01
3.923199999999999932e+01
3.929599999999999937e+01
3.935999999999999943e+01
3.942399999999999949e+01
3.948799999999999955e+01
3.955199999999999960e+01
3.961599999999999966e+01
3.967999999999999972e+01
3.974399999999999977e+01
3.980799999999999983e+01
3.987199999999999989e+01
3.993599999999999994e+01
4.000000000000000000e+01
4.006400000000000006e+01
4.012800000000000011e+01
4.019200000000000017e+01
4.025600000000000023e+01
4.032000000000000028e+01
4.038400000000000034e+01
4.044800000000000040e+01
4.051200000000000045e+01
4.057600000000000051e+01
4.064000000000000057e+01
4.070400000000000063e+01
4.076800000000000068e+01
4.083200000000000074e+01
4.089600000000000080e+01
4.096000000000000085e+01
4.102400000000000091e+01
4.108800000000000097e+01
4.115200000000000102e+01
4.121600000000000108e+01
4.128000000000000114e+01
4.134400000000000119e+01
4.140800000000000125e+01
4.147200000000000131e+01
4.153600000000000136e+01
4.160000000000000142e+01
4.166400000000000148e+01
4.172800000000000153e+01
4.179200000000000159e+01
4.185600000000000165e+01
4.192000000000000171e+01
4.198400000000000176e+01
4.204800000000000182e+01
4.211200000000000188e+01
4.217600000000000193e+01
4.224000000000000199e+01
4.230400000000000205e+01
4.236800000000000210e+01
4.243200000000000216e+01
4.249600000000000222e+01
4.256000000000000227e+01
4.262400000000000233e+01
4.268800000000000239e+01
4.275200000000000244e+01
4.281600000000000250e+01
4.288000000000000256e+01
4.294400000000000261e+01
4.300800000000000267e+01
4.307200000000000273e+01
4.313600000000000279e+01
4.320000000000000284e+01
4.326400000000000290e+01
4.332800000000000296e+01
4.339200000000000301e+01
4.345600000000000307e+01
4.352000000000000313e+01
4.358400000000000318e+01
4.364800000000000324e+01
4.371200000000000330e+01
4.377600000000000335e+01
4.384000000000000341e+01
4.390400000000000347e+01
4.396800000000000352e+01
4.403200000000000358e+01
4.409600000000000364e+01
4.416000000000000369e+01
4.422400000000000375e+01
4.428800000000000381e+01
4.435200000000000387e+01
4.441600000000000392e+01
4.448000000000000398e+01
4.454400000000000404e+01
4.460800000000000409e+01
4.467200000000000415e+01
4.473600000000000421e+01
4.480000000000000426e+01
4.486400000000000432e+01
4.492800000000000438e+01
4.499200000000000443e+01
4.505599999999999739e+01
4.511999999999999744e+01
4.518399999999999750e+01
4.524799999999999756e+01
4.531199999999999761e+01
4.537599999999999767e+01
4.543999999999999773e+01
4.550399999999999778e+01
4.556799999999999784e+01
4.563199999999999790e+01
4.569599999999999795e+01
4.575999999999999801e+01
4.582399999999999807e+01
4.588799999999999812e+01
4.595199999999999818e+01
4.601599999999999824e+01
4.607999999999999829e+01
4.614399999999999835e+01
4.620799999999999841e+01
4.627199999999999847e+01
4.633599999999999852e+01
4.639999999999999858e+01
4.646399999999999864e+01
4.652799999999999869e+01
4.659199999999999875e+01
4.665599999999999881e+01
4.671999999999999886e+01
4.678399999999999892e+01
4.684799999999999898e+01
4.691199999999999903e+01
4.697599999999999909e+01
4.703999999999999915e+01
4.710399999999999920e+01
4.716799999999999926e+01
4.723199999999999932e+01
4.729599999999999937e+01
4.735999999999999943e+01
4.742399999999999949e+01
4.748799999999999955e+01
4.755199999999999960e+01
4.761599999999999966e+01
4.767999999999999972e+01
4.774399999999999977e+01
4.780799999999999983e+01
4.787199999999999989e+01
4.793599999999999994e+01
4.800000000000000000e+01
4.806400000000000006e+01
4.812800000000000011e+01
4.819200000000000017e+01
4.825600000000000023e+01
4.832000000000000028e+01
4.838400000000000034e+01
4.844800000000000040e+01
4.851200000000000045e+01
4.857600000000000051e+01
4.864000000000000057e+01
4.870400000000000063e+01
4.876800000000000068e+01
4.883200000000000074e+01
4.889600000000000080e+01
4.896000000000000085e+01
4.902400000000000091e+01
4.908800000000000097e+01
4.915200000000000102e+01
4.921600000000000108e+01
4.928000000000000114e+01
4.934400000000000119e+01
4.940800000000000125e+01
4.947200000000000131e+01
4.953600000000000136e+01
4.960000000000000142e+01
4.966400000000000148e+01
4.972800000000000153e+01
4.979200000000000159e+01
4.985600000000000165e+01
4.992000000000000171e+01
4.998400000000000176e+01
5.004800000000000182e+01
5.011200000000000188e+01
5.017600000000000193e+01
5.024000000000000199e+01
5.030400000000000205e+01
5.036800000000000210e+01
5.043200000000000216e+01
5.049600000000000222e+01
5.056000000000000227e+01
5.062400000000000233e+01
5.068800000000000239e+01
5.075200000000000244e+01
5.081600000000000250e+01
5.088000000000000256e+01
5.094400000000000261e+01
5.100800000000000267e+01
5.107200000000000273e+01
5.113600000000000279e+01
5.120000000000000284e+01
5.126400000000000290e+01
5.132800000000000296e+01
5.139200000000000301e+01
5.145600000000000307e+01
5.152000000000000313e+01
5.158400000000000318e+01
5.164800000000000324e+01
5.171200000000000330e+01
5.177600000000000335e+01
5.184000000000000341e+01
5.190400000000000347e+01
5.196800000000000352e+01
5.203200000000000358e+01
5.209600000000000364e+01
5.216000000000000369e+01
5.222400000000000375e+01
5.228800000000000381e+01
5.235200000000000387e+01
5.241600000000000392e+01
5.248000000000000398e+01
5.254400000000000404e+01
5.260800000000000409e+01
5.267200000000000415e+01
5.273600000000000421e+01
5.280000000000000426e+01
5.286400000000000432e+01
5.292800000000000438e+01
5.299200000000000443e+01
5.305600000000000449e+01
5.312000000000000455e+01
5.318400000000000460e+01
5.324800000000000466e+01
5.331199999999999761e+01
5.337599999999999767e+01
5.343999999999999773e+01
5.350399999999999778e+01
5.356799999999999784e+01
5.363199999999999790e+01
5.369599999999999795e+01
5.375999999999999801e+01
5.382399999999999807e+01
5.388799999999999812e+01
5.395199999999999818e+01
5.401599999999999824e+01
5.407999999999999829e+01
5.414399999999999835e+01
5.420799999999999841e+01
5.427199999999999847e+01
5.433599999999999852e+01
5.439999999999999858e+01
5.446399999999999864e+01
5.452799999999999869e+01
5.459199999999999875e+01
5.465599999999999881e+01
5.471999999999999886e+01
5.478399999999999892e+01
5.484799999999999898e+01
5.491199999999999903e+01
5.497599999999999909e+01
5.503999999999999915e+01
5.510399999999999920e+01
5.516799999999999926e+01
5.523199999999999932e+01
5.529599999999999937e+01
5.535999999999999943e+01
5.542399999999999949e+01
5.548799999999999955e+01
5.555199999999999960e+01
5.561599999999999966e+01
5.567999999999999972e+01
5.574399999999999977e+01
5.580799999999999983e+01
5.587199999999999989e+01
5.593599999999999994e+01
5.600000000000000000e+01
5.606400000000000006e+01
5.612800000000000011e+01
5.619200000000000017e+01
5.625600000000000023e+01
5.632000000000000028e+01
5.638400000000000034e+01
5.644800000000000040e+01
5.651200000000000045e+01
5.657600000000000051e+01
5.664000000000000057e+01
5.670400000000000063e+01
5.676800000000000068e+01
5.683200000000000074e+01
5.689600000000000080e+01
5.696000000000000085e+01
5.702400000000000091e+01
5.708800000000000097e+01
5.715200000000000102e+01
5.721600000000000108e+01
5.728000000000000114e+01
5.734400000000000119e+01
5.740800000000000125e+01
5.747200000000000131e+01
5.753600000000000136e+01
5.760000000000000142e+01
5.766400000000000148e+01
5.772800000000000153e+01
5.779200000000000159e+01
5.785600000000000165e+01
5.792000000000000171e+01
5.798400000000000176e+01
5.804800000000000182e+01
5.811200000000000188e+01
5.817600000000000193e+01
5.824000000000000199e+01
5.830400000000000205e+01
5.836800000000000210e+01
5.843200000000000216e+01
5.849600000000000222e+01
5.856000000000000227e+01
5.862400000000000233e+01
5.868800000000000239e+01
5.875200000000000244e+01
5.881600000000000250e+01
5.888000000000000256e+01
5.894400000000000261e+01
5.900800000000000267e+01
5.907200000000000273e+01
5.913600000000000279e+01
5.920000000000000284e+01
5.926400000000000290e+01
5.932800000000000296e+01
5.939200000000000301e+01
5.945600000000000307e+01
5.952000000000000313e+01
5.958400000000000318e+01
5.964800000000000324e+01
5.971200000000000330e+01
5.977600000000000335e+01
5.984000000000000341e+01
5.990400000000000347e+01
5.996800000000000352e+01
6.003200000000000358e+01
6.009600000000000364e+01
6.016000000000000369e+01
6.022400000000000375e+01
6.028800000000000381e+01
6.035200000000000387e+01
6.041600000000000392e+01
6.048000000000000398e+01
6.054400000000000404e+01
6.060800000000000409e+01
6.067200000000000415e+01
6.073600000000000421e+01
6.080000000000000426e+01
6.086400000000000432e+01
6.092800000000000438e+01
6.099200000000000443e+01
6.105600000000000449e+01
6.112000000000000455e+01
6.118400000000000460e+01
6.124800000000000466e+01
6.131200000000000472e+01
6.137600000000000477e+01
6.143999999999999773e+01
6.150399999999999778e+01
6.156799999999999784e+01
6.163199999999999790e+01
6.169599999999999795e+01
6.175999999999999801e+01
6.182399999999999807e+01
6.188799999999999812e+01
6.195199999999999818e+01
6.201599999999999824e+01
6.207999999999999829e+01
6.214399999999999835e+01
6.220799999999999841e+01
6.227199999999999847e+01
6.233599999999999852e+01
6.239999999999999858e+01
6.246399999999999864e+01
6.252799999999999869e+01
6.259199999999999875e+01
6.265599999999999881e+01
6.271999999999999886e+01
6.278399999999999892e+01
6.284799999999999898e+01
6.291199999999999903e+01
6.297599999999999909e+01
6.303999999999999915e+01
6.310399999999999920e+01
6.316799999999999926e+01
6.323199999999999932e+01
6.329599999999999937e+01
6.335999999999999943e+01
6.342399999999999949e+01
6.348799999999999955e+01
6.355199999999999960e+01
6.361599999999999966e+01
6.367999999999999972e+01
6.374399999999999977e+01
6.380799999999999983e+01
6.387199999999999989e+01
6.393599999999999994e+01
