3.899721244083668823e+11
3.885150201048341064e+11
3.870799434970851440e+11
3.855187121059288940e+11
3.838316177417857056e+11
3.821377589336677246e+11
3.804967516357448120e+11
3.787497881114143066e+11
3.770108082718460693e+11
3.752612145859821167e+11
3.733663996948723145e+11
3.715009920458615723e+11
3.696400483232608643e+11
3.676550251903571167e+11
3.657059472865214233e+11
3.637763538237337036e+11
3.617240826830978394e+11
3.598105368764677734e+11
3.578596332892503662e+11
3.559060284334158325e+11
3.538660482800453491e+11
3.519272763524201660e+11
3.500575191279462280e+11
3.481842171171843262e+11
3.464074014864665527e+11
3.446348585116975098e+11
3.428565250583458862e+11
3.412449987641907349e+11
3.395646131111829224e+11
3.379630286189252319e+11
3.364789953038592529e+11
3.350881635934399414e+11
3.336780578538560791e+11
3.323161057365922852e+11
3.309459507870340576e+11
3.297572296203372803e+11
3.285407603511799927e+11
3.273775752751460571e+11
3.262201796569246216e+11
3.250816533989476318e+11
3.240122500860711060e+11
3.229987451709677124e+11
3.220392474596583862e+11
3.211795120384478760e+11
3.203333186767691040e+11
3.195125346062219849e+11
3.186607922163519897e+11
3.179349976022960205e+11
3.172044129694232178e+11
3.165307349611738281e+11
3.159257055918496094e+11
3.152976664471651001e+11
3.146925390442237549e+11
3.141355609048910522e+11
3.135822943031046143e+11
3.130644903433171997e+11
3.125576118717692871e+11
3.120714822719134521e+11
3.116075006105686646e+11
3.111880005206408691e+11
3.107833362666157227e+11
3.103905885995079346e+11
3.100128774278797607e+11
3.096429582559157715e+11
3.093020165604110107e+11
3.089777864779003296e+11
3.086758643613045044e+11
3.083558395503411865e+11
3.080722161445204468e+11
3.077968423152298584e+11
3.075449513827329102e+11
3.072939350875337524e+11
3.070701666520749512e+11
3.068381885056406250e+11
3.066377050795241699e+11
3.064148441801682129e+11
3.062127717271088257e+11
3.060010441456373901e+11
3.058109446281771851e+11
3.056367411869212646e+11
3.054937555882957764e+11
3.053148882526482544e+11
3.051631431446931152e+11
3.050138573376654053e+11
3.048719723979656982e+11
3.047347289597576294e+11
3.045976630789801025e+11
3.044822096833941040e+11
3.043627165497391357e+11
3.042448851722376709e+11
3.041357636731459961e+11
3.040287065903023071e+11
3.039354249671949463e+11
3.038472906255443726e+11
3.037544222925120239e+11
3.036665448633796387e+11
3.035849437434449463e+11
3.035045706063482666e+11
3.034261006477754517e+11
3.033497067084114990e+11
