0.000000000000000000e+00
-1.110223024625156540e-16
5.773159728050814010e-15
6.217248937900876626e-15
2.065014825802791165e-14
2.176037128265306819e-14
-8.992806499463767977e-15
-1.532107773982716026e-14
3.863576125695544761e-14
9.570122472268849378e-14
1.010302952408892452e-13
1.307842723008434405e-13
1.265654248072678456e-13
1.174615960053415620e-13
1.332267629550187849e-13
1.239008895481674699e-13
1.307842723008434405e-13
1.334488075599438162e-13
1.343369859796439414e-13
1.363353874239692232e-13
1.367794766338192858e-13
1.332267629550187849e-13
1.356692536091941292e-13
1.343369859796439414e-13
1.354472090042690979e-13
1.345590305845689727e-13
1.261213355974177830e-13
1.267874694121928769e-13
1.307842723008434405e-13
1.305622276959184092e-13
1.389999226830695989e-13
1.387778780781445676e-13
1.394440118929196615e-13
1.385558334732195362e-13
1.549871342376718530e-13
1.556532680524469470e-13
1.900701818158267997e-13
1.678657213233236689e-13
1.676436767183986376e-13
1.678657213233236689e-13
1.649791414592982619e-13
1.467714838554456946e-13
1.469935284603707260e-13
1.469935284603707260e-13
1.469935284603707260e-13
1.465494392505206633e-13
1.381117442633694736e-13
1.383337888682945049e-13
1.381117442633694736e-13
1.383337888682945049e-13
1.383337888682945049e-13
