0.000000000000000000e+00
-7.771561172376095783e-16
-6.661338147750939243e-16
-7.771561172376095783e-16
-3.330669073875469621e-16
-7.771561172376095783e-16
-3.219646771412953967e-15
-1.887379141862766119e-15
-1.554312234475219157e-15
4.218847493575594854e-15
-6.994405055138486205e-15
-6.328271240363392280e-15
-6.328271240363392280e-15
-7.105427357601001859e-15
-6.328271240363392280e-15
-6.328271240363392280e-15
-7.993605777301127091e-15
-1.035616037370346021e-12
-1.053934717276661104e-12
-1.082800515916915174e-12
-1.082467449009527627e-12
-1.091460255508991395e-12
-1.099342838983830006e-12
-1.099564883588755038e-12
-1.102895552662630507e-12
-1.105560087921730883e-12
-1.106448266341431008e-12
-1.106781333248818555e-12
-1.113442671396569494e-12
-1.116329251260594901e-12
-1.117106407377832511e-12
-1.226019286093560368e-12
-1.226130308396022883e-12
-1.226574397605872946e-12
-1.226574397605872946e-12
-1.226796442210797977e-12
-1.116218228958132386e-12
-1.108224623180831259e-12
-1.108002578575906227e-12
-1.108224623180831259e-12
-1.108668712390681321e-12
-1.112998582186719432e-12
-1.112776537581794400e-12
-1.112776537581794400e-12
-1.113553693699032010e-12
-1.115108005933507229e-12
-1.123545700920658419e-12
-1.123323656315733388e-12
-1.117328451982757542e-12
-1.117328451982757542e-12
0.000000000000000000e+00
