0.000000000000000000e+00
-1.447508779506279097e-12
-1.221356349390134710e-12
-1.698752249978952023e-12
-2.200351012504597747e-12
-2.331801418620216282e-12
-1.749822509111709223e-12
-2.862599046693503624e-12
-2.036482094069924642e-12
-2.834732448775412195e-12
-2.190581049887896370e-12
-2.185807090882008197e-12
-2.073230476185017324e-12
-1.289524043102119322e-12
-6.346034808757394785e-13
-1.285638262515931274e-12
-1.044164754659959726e-12
-9.308109838457312435e-13
-7.299716386910404253e-13
-1.254996107036276953e-12
-1.353805956227915885e-12
-1.379341085794294486e-12
-1.275424210689379834e-12
-8.921752225887757959e-13
-1.257993709202764876e-12
-1.292632667571069760e-12
-1.589284259750911588e-12
-2.351008276946231490e-12
-2.267741550099344749e-12
-2.529199072398569115e-12
-3.593014774594394112e-12
-3.490763234026417194e-12
-2.973732371458481794e-12
-2.754019234885163314e-12
-1.967204177333314874e-12
-2.302602553072574665e-12
-2.712940982974032522e-12
-5.152323012680426473e-12
-3.630318268221799372e-12
-2.834732448775412195e-12
-2.711830759949407366e-12
-2.657873920952624758e-12
-2.331690396317753766e-12
-2.074673766117030027e-12
-2.653433028854124132e-12
-3.440359108708435087e-12
-4.899858296880665876e-12
-5.051514762044462259e-12
-4.855005286685809551e-12
-4.665157149474907783e-12
0.000000000000000000e+00
