0.000000000000000000e+00
-1.329847343356505007e-11
-2.689093392405084160e-11
-4.129185882106867211e-11
-5.749278830791126893e-11
-7.139788760213150454e-11
-8.506051418777360595e-11
-9.748502005635373280e-11
-1.106803537709311058e-10
-1.248066094916566726e-10
-1.384115044800182659e-10
-1.542002081578175421e-10
-1.679478778271459305e-10
-1.813992289712018646e-10
-1.950656303151276916e-10
-2.085154271469491505e-10
-2.248061736764839225e-10
-2.386937314469150806e-10
-2.529355613845041262e-10
-2.661765252653935931e-10
-2.829408929372334569e-10
-2.965193646176089715e-10
-3.094917655488416131e-10
-3.206228615937334325e-10
-3.359675870839851086e-10
-3.499034395559874611e-10
-3.626361433362035314e-10
-3.789059066505728879e-10
-3.923260605276368551e-10
-4.047651103178395715e-10
-4.202709291689643578e-10
-4.327549429916643930e-10
-4.464827396688519912e-10
-4.628813998763803284e-10
-4.750928539465348877e-10
-4.921085761111498869e-10
-5.053913954000677222e-10
-5.189867424704175392e-10
-5.357289056817648998e-10
-5.492357679770520917e-10
-5.650560019887507224e-10
-5.796230162502524763e-10
-5.970505201347009461e-10
-6.105657091026728267e-10
-6.284988085525355928e-10
-6.426156273775518457e-10
-6.601216240298413140e-10
-6.745997094270705929e-10
-6.921695439032760078e-10
-7.060839690709030947e-10
0.000000000000000000e+00
