0.000000000000000000e+00
4.551914400963141816e-14
2.264854970235319342e-14
2.509104035652853781e-14
4.707345624410663731e-14
7.771561172376095783e-15
4.884981308350688778e-15
1.665334536937734811e-14
6.195044477408373496e-14
6.927791673660976812e-14
7.571721027943567606e-14
1.043609643147647148e-13
9.370282327836321201e-14
5.062616992290713824e-14
2.220446049250313081e-14
2.775557561562891351e-14
2.842170943040400743e-14
-4.218847493575594854e-14
-1.251221348752551421e-13
-1.133537708142284828e-13
-1.731947918415244203e-13
-2.363664819426958275e-13
-2.713385072183882585e-13
-2.813305144400146673e-13
1.216804434989171568e-13
1.134647931166909984e-13
1.105782132526655914e-13
1.281197370417430648e-13
6.505906924303417327e-14
8.082423619271139614e-14
7.327471962526033167e-15
8.437694987151189707e-15
4.618527782440651208e-14
4.329869796038110508e-14
-7.549516567451064475e-15
6.150635556423367234e-14
1.112443470674406854e-13
7.194245199571014382e-14
8.659739592076221015e-14
8.082423619271139614e-14
-7.172040739078511251e-14
-6.528111384795920458e-14
-7.516209876712309779e-14
-3.851363672424668039e-13
-4.607425552194399643e-14
-5.784261958297065576e-14
-6.061817714453354711e-14
-6.727951529228448635e-14
-6.927791673660976812e-14
-5.073719222536965390e-14
0.000000000000000000e+00
