0.000000000000000000e+00
1.356844235321648107e+00
2.713688470643296213e+00
4.070532705964944320e+00
5.427376941286592427e+00
6.784221176608240533e+00
8.141065411929888640e+00
9.497909647251535858e+00
1.085475388257318485e+01
1.221159811789483385e+01
1.356844235321648107e+01
1.492528658853812829e+01
1.628213082385977728e+01
1.763897505918142627e+01
1.899581929450307172e+01
2.035266352982472071e+01
2.170950776514636971e+01
2.306635200046801870e+01
2.442319623578966770e+01
2.578004047111131314e+01
2.713688470643296213e+01
2.849372894175461113e+01
2.985057317707625657e+01
3.120741741239790557e+01
3.256426164771955456e+01
3.392110588304120000e+01
3.527795011836285255e+01
3.663479435368449799e+01
3.799163858900614343e+01
3.934848282432779598e+01
4.070532705964944142e+01
4.206217129497109397e+01
4.341901553029273941e+01
4.477585976561438486e+01
4.613270400093603740e+01
4.748954823625768285e+01
4.884639247157933539e+01
5.020323670690098083e+01
5.156008094222262628e+01
5.291692517754427882e+01
5.427376941286592427e+01
5.563061364818756971e+01
5.698745788350922226e+01
5.834430211883086770e+01
5.970114635415251314e+01
6.105799058947416569e+01
6.241483482479581113e+01
6.377167906011746368e+01
6.512852329543910912e+01
6.648536753076075456e+01
0.000000000000000000e+00
