0.000000000000000000e+00
1.351576237311056916e+00
2.703152474622113832e+00
4.054728711933170970e+00
5.406304949244227664e+00
6.757881186555284359e+00
8.109457423866341941e+00
9.461033661177397747e+00
1.081260989848845533e+01
1.216418613579951291e+01
1.351576237311056872e+01
1.486733861042162630e+01
1.621891484773268388e+01
1.757049108504374146e+01
1.892206732235479549e+01
2.027364355966585308e+01
2.162521979697691066e+01
2.297679603428796824e+01
2.432837227159902582e+01
2.567994850891007985e+01
2.703152474622113743e+01
2.838310098353219502e+01
2.973467722084325260e+01
3.108625345815431018e+01
3.243782969546536776e+01
3.378940593277642535e+01
3.514098217008748293e+01
3.649255840739853340e+01
3.784413464470959099e+01
3.919571088202064857e+01
4.054728711933170615e+01
4.189886335664276373e+01
4.325043959395382132e+01
4.460201583126487890e+01
4.595359206857593648e+01
4.730516830588699406e+01
4.865674454319805164e+01
5.000832078050910923e+01
5.135989701782015970e+01
5.271147325513121729e+01
5.406304949244227487e+01
5.541462572975333245e+01
5.676620196706439003e+01
5.811777820437544761e+01
5.946935444168650520e+01
6.082093067899756278e+01
6.217250691630862036e+01
6.352408315361967794e+01
6.487565939093073553e+01
6.622723562824178600e+01
6.757881186555285069e+01
