0.000000000000000000e+00
1.355866955524742901e+00
2.711733911049485801e+00
4.067600866574228924e+00
5.423467822098971602e+00
6.779334777623714281e+00
8.135201733148457848e+00
9.491068688673200526e+00
1.084693564419794320e+01
1.220280259972268588e+01
1.355866955524742856e+01
1.491453651077217124e+01
1.627040346629691570e+01
1.762627042182165837e+01
1.898213737734640105e+01
2.033800433287114373e+01
2.169387128839588641e+01
2.304973824392062909e+01
2.440560519944537177e+01
2.576147215497011445e+01
2.711733911049485712e+01
2.847320606601959980e+01
2.982907302154434248e+01
3.118493997706908516e+01
3.254080693259383139e+01
3.389667388811857052e+01
3.525254084364331675e+01
3.660840779916805587e+01
3.796427475469280211e+01
3.932014171021754123e+01
4.067600866574228746e+01
4.203187562126702659e+01
4.338774257679177282e+01
4.474360953231651195e+01
4.609947648784125818e+01
4.745534344336599730e+01
4.881121039889074353e+01
5.016707735441548266e+01
5.152294430994022889e+01
5.287881126546497512e+01
5.423467822098971425e+01
5.559054517651446048e+01
5.694641213203919961e+01
5.830227908756394584e+01
5.965814604308868496e+01
6.101401299861343119e+01
6.236987995413817032e+01
6.372574690966291655e+01
6.508161386518766278e+01
6.643748082071239480e+01
6.779334777623714103e+01
