1.300861415798400533e-01
4.447459593043646270e-02
1.298585112929955543e-01
1.442673099662624692e-01
3.006483671049066664e-01
4.677648049978188477e-02
7.920378924249504848e-02
7.819902815689316888e-02
1.353766599581026853e+00
9.968865916502554769e-02
3.179210838323028310e-01
3.119260291745944436e-01
5.620310817353228738e-02
1.531227205214550080e-01
6.532912743781578158e-01
1.101580868953727366e-01
1.076492503338789097e+00
4.569156691728215591e-02
2.055324141243459676e-02
6.401464594375105843e-01
4.939500577301415563e-01
4.730036759407057367e+00
2.305216172778003503e-01
9.657001013479828977e-01
4.452270221968707697e-01
4.858571977865362990e-01
1.516364326999188328e-01
8.256822256308707364e-02
9.416910367551388772e-01
9.606495328595501815e-02
1.363128987837190498e-01
1.003724747340366263e-01
1.493192912459769539e-01
1.084977539181842393e-01
1.657254569118811124e-02
6.007439246182111336e-01
9.982964906280671069e-02
1.628682712427974577e-01
3.146543744990349528e-02
1.043074235274992975e-02
5.195777980341462904e-02
2.556782296165145407e-01
2.458899455437744269e-02
7.317399393224099935e-01
4.580407452865081080e-02
4.373843037032780490e-02
3.926936326123678378e-02
1.181215613584930650e-02
3.428000933911672932e-01
5.747834469219524900e-01
1.787915032849631269e-01
4.054993320076714924e-02
6.043413685016619380e-02
1.104189685159468470e-01
1.237826756112249793e+00
5.238524043063974567e-02
2.868267188081877195e-01
9.829038392899906718e-02
6.317657454492746349e-02
1.035392849186461128e-01
2.009182488641067174e-02
3.884001053976099960e-01
5.154647805647288167e-02
2.792316258059005518e-01
1.964811365960696457e-02
1.253510174146667655e+00
4.147890802924124320e-02
6.034603596859290375e-01
4.089082262085845798e-01
1.613570699848819068e+00
1.111258265975440529e-01
2.816216314173446977e-01
7.976856765355071210e-02
3.981519039958152095e-02
9.941642595545194250e-02
3.630307295057134259e-02
2.492741105766971277e+00
2.410260126696598185e-02
1.630276240490504680e-01
1.872948239859943131e-01
1.359647660271648684e-01
2.151647574698555554e-01
2.744740942365538408e-02
1.442348013547098962e-01
6.085384881725090789e-02
1.008230833588713127e+00
3.280137258311109916e-01
1.814849931988689047e+00
1.506342536706664625e-02
6.040275239112256889e-02
4.194577484817983704e-02
1.143848524417995921e-02
5.134488650242068769e-02
2.299463097733141503e-01
4.904158061008227765e-02
1.231517621389653511e-01
6.242272168327310800e-01
2.444490182575856096e-01
8.565371465668163153e-02
8.018325946505942825e-02
1.034799262686652149e-01
3.842155427079276681e-02
1.927657167864259002e-01
7.822838022984025808e-02
5.059422138245053269e-01
3.199972260844144989e-01
1.763655888556817097e-01
7.823994952798210556e-02
4.479218931336010484e-02
3.496825008481886377e-01
1.142607397604570585e-01
4.775632773808434484e-02
4.189761739056131751e-02
3.623834164651289214e-02
3.513063975138660533e-01
4.861430481746565474e-02
1.307269222491251048e-01
1.021117067182426980e-01
1.574445770903505071e-01
5.823565967027038992e-01
5.503936598117371570e-01
1.019595881190324266e-01
1.199646420506773371e-02
9.438750991828405434e-02
1.735492542460161103e-01
1.456366485556803425e-01
2.061609459459862459e-01
3.415147877817243521e-02
2.023330885118221623e-01
3.948733633167621909e-02
3.115289881839514718e-01
7.242548905777483614e-02
2.614296519795969442e-01
1.655755863838292291e-02
8.915260014647019560e-02
2.561576578845406460e-01
4.818512904262099023e-02
3.822128956828265145e-01
1.904025493333756092e-01
1.620500415335495714e-01
7.575707783843010912e-02
1.127901648592971456e-01
1.679628628008972002e-01
1.091862028726031247e-01
2.490934281359083180e-01
9.653892741819977696e-02
4.328273291143337059e-02
4.558708697877802279e-02
1.074121683670679894e-02
6.386081899483293800e-02
3.093219020484881954e-01
3.801952756825309199e-01
4.332084733850486563e-02
1.343867185070934944e+00
1.204640753840760525e-01
7.855530360445166504e-01
2.580188051882482125e-01
2.756947084055617059e-01
2.228115453108501717e-02
4.679818468705665424e-02
1.113197282638708589e-02
2.683971936890590659e-01
7.365293785520800329e-02
3.670672202061247003e-01
7.239084945021741213e-02
4.289054711452231494e-01
2.996367588302886742e-02
3.772942968305187383e-02
7.283518117635177924e-02
8.932307983720254307e-02
7.463564121183437206e-02
3.303498118779528703e-01
2.421863670490079570e-02
7.521683512951675421e-02
4.685902668227091561e-01
1.940854907874269356e-02
1.036912576858229240e+00
3.044656188044084999e+00
2.284956511040229371e-02
6.173749467742968566e-02
8.016711810343050970e-02
3.500669509841434213e-01
1.670862870480711582e-01
2.006337242034208490e-01
3.213691303761503915e-01
2.775548163556807932e-02
4.592542769629153199e-01
2.567850734811743529e-01
1.561614640695501710e-01
6.325068063305298027e-01
2.511614725728129049e-01
4.317038221359779937e-02
9.535900921002427033e-02
1.171684378922622782e-01
1.764857326199546772e-02
1.243848770275757465e+00
2.959193878395971131e-02
2.482160565245486450e-01
1.220134791473876934e-01
1.338934653078313261e-02
8.466563643902881298e-01
5.045598773148296523e-01
1.296681867800313359e-01
4.860519936967012261e-02
2.838290519966139153e-02
7.805038901134296603e-02
5.407027784830204659e-02
1.222014620101864318e-01
1.560808782216373425e+00
1.548256726431801733e-01
6.333662863444240454e-01
2.057923298807719514e-01
1.101755286127430039e-01
5.119047190834925543e-01
1.088006548156228853e-01
5.532148975600512664e-01
6.180386767560049066e-02
2.963319985145882948e-02
5.138182135262874262e-01
1.619635463576965251e-01
6.297022231413662574e-01
9.791319004662291103e-01
1.741097128551157350e-02
1.198904835187957485e-01
8.077619328911822549e-02
1.868641408633854861e-01
3.791750051462887683e-01
5.942073203334763409e-02
1.451413399142749694e-01
2.601513475333368519e-01
3.062128100521038093e-02
4.180699879192806834e-01
1.734951093067518824e-01
1.147334510384864670e+00
7.252649057565867252e-02
2.608357687903915811e-02
1.221237991508084125e-01
2.240450810307856311e-02
1.679518423094189750e+00
1.522495568108694561e-02
3.156778618390072011e-01
1.300418843836865512e-01
7.927672728201760888e-02
1.926152219781693264e-02
1.842659320492056607e-01
1.606757955967954288e-01
5.948393433086317239e-02
7.400261039990588818e-01
6.455653767770891394e-02
1.015243413269318190e-01
1.386689171151598565e-01
2.476083715149450873e-02
9.162620629897937352e-01
8.067400594839883865e-02
2.159920240918593651e-02
8.378999979630627482e-02
1.697392109021382267e-01
1.250917983860691529e-01
2.452403217199187746e-01
1.768848367203798913e-02
6.027438805850699605e-02
4.286897243168417138e-01
2.145839129038018891e-02
5.142848996256527139e-01
2.339018797475553302e-02
4.621115091109348483e-01
7.744171174578143302e-02
1.774875266171722921e-01
3.393461846230053786e-02
1.931176411423094971e-02
4.598679319774787860e-02
2.946546299716569853e-02
6.639822021505065175e-02
1.254002573689409206e-01
1.627589028287595718e-01
3.726148603508326884e-01
2.101685135082407563e-01
1.752143452356158260e-01
9.022535585644385348e-02
1.096631138779742970e-01
9.098444713567517550e-02
4.803383913596423471e-01
4.882015849265187307e-02
1.073052611339440736e-02
2.061478651192987788e-01
4.331979640022514538e-02
6.341771033991169260e-01
5.241992989190767949e-01
2.095717078587977164e-02
2.578804559705162938e-02
1.176065000613517736e-01
1.755180162236381902e-01
5.819934220365956951e-02
2.691606382524568963e-01
1.664670220707870074e-01
6.918388486029895812e-02
1.335340250056574543e-02
3.110137083816266190e-01
4.575045519493368962e-02
4.621565190843649473e-01
9.261088350981142026e-02
1.560129095492621409e-01
5.675511465353847429e-01
5.376105906169817983e-01
7.995917500319625615e-02
4.458572320643220538e-02
3.480740024094578500e-01
9.635352929743669359e-02
4.129067698347103910e-02
7.055109216895842916e-01
4.246761623571381622e-02
1.341347392152925783e-02
1.265742695937072289e-02
1.843694952629234274e-01
2.147295031980244739e-01
6.609430396144692910e-02
6.810012782020305466e-02
7.251847766464504519e-02
2.312369938220795174e-01
1.808706271969334409e-02
8.861292366599986536e-01
4.730682442382235647e-02
2.312261126660752453e+01
3.738172375906877870e-02
3.423955376618554314e-01
4.748645317112069886e-02
2.160996115961485303e-02
5.744276267414337722e-01
5.233609242521246596e-01
8.799819571419086051e-02
2.533539546420790489e-01
1.452782504375198791e-01
5.074976398690798085e-01
6.698979965708481976e-02
1.294098963924141810e-01
1.138731147795787602e-01
7.583988393712472187e-02
6.401518294895741645e-01
3.632705245285166445e-02
3.332049306721254073e-02
1.559186234586036612e-01
2.112098418654355936e-01
4.178982349629566800e-02
8.465358965273987735e-02
1.098546525681433517e+00
5.223291620318232936e-02
2.205179614537748078e-01
2.976260922901893258e-01
1.010129158515871567e-01
9.755389384528257990e-01
2.931275389439146895e-01
1.042042321949947226e-01
1.517413036945293170e-01
2.432999071020447990e-01
1.648118320874394083e-01
5.880125730276255513e-01
7.653286593668269522e-02
6.362474723589907344e-02
4.556819005608336165e-02
1.509585025581559360e-02
1.584914646426996421e-02
5.578571564855543397e-01
2.295905708616463037e-01
2.137600349354101259e-01
1.791138668537808620e-01
4.978349749727104534e-01
1.119889629981390688e-01
5.590280707090939938e-01
7.712827087407228555e-02
8.638551435986350224e-01
2.494484352902325286e-01
5.443723248625847305e-02
1.489307906503394008e-01
1.336195044583067537e-01
3.123600735842124373e-02
1.642416380385228747e-01
6.692937793466471885e-02
1.722036241631134598e-02
1.132361542775599084e+00
1.984098582625748175e-01
5.815024634663363834e-01
2.274343018535265049e-01
7.655497463956952020e-02
1.246860399894889754e-01
2.271509649910581352e-01
1.374640613264686229e+00
5.370198387957257624e-02
5.745813242182316039e-01
8.409588578286234517e-01
2.223377059160606128e-01
9.071629910439580335e-01
8.649626089606403390e-02
1.211189159587522157e+00
2.537624186777663327e-01
1.570310544538311079e-02
7.196244970110937667e-01
1.135381591456664507e-01
1.050068412868810225e-01
1.501972626271743660e-01
3.329800014857591667e-02
1.080299563635351290e-01
4.545258116043136565e-01
1.201197262857850098e-02
5.777311913718644748e-02
1.031154122263819133e-02
9.131699135600918060e-02
2.827360956141700687e-01
3.885554362534404116e-01
1.077570098377802488e+00
1.750487091929110728e-01
5.390236954953032955e-02
8.415515010017334818e-01
3.483446806188666978e-01
1.545340163218060503e-01
2.463543265796102333e-01
8.429782869248526600e-01
2.641944841076387385e-01
7.921886214536523474e-02
2.649022742904726391e-01
1.545380110964495422e-02
8.357114137671896315e-02
8.873672138332089343e-02
3.650583717375530807e-02
1.303953889352964246e-02
3.043589907104824605e-02
2.088347873940464561e-01
3.950960202864868820e-01
3.392316666603927278e+00
7.409609450539400566e-02
1.692241361532602628e-01
9.710373061438477560e-01
3.654376612610788638e-02
2.701307010504954698e-01
3.177578195037238928e-01
2.291553743716483529e-02
5.305578349380086767e-01
4.161297177969651151e-01
1.447364748335897532e-02
2.325798097015515861e-02
1.674324207314001681e-02
7.143351867997145555e-02
1.232697828082860853e-01
1.333063753689826825e-01
5.665376084889094110e-02
7.487957361659346445e-01
7.919260309687799204e-02
1.621830986346654846e-02
6.369989601675318802e-02
1.327409512292113125e-01
8.925086317424074656e-02
5.797108066766035184e-02
3.007348139909638007e-02
4.285516275031103217e-01
7.369931498300939410e+00
7.025119602795336371e-02
8.238583929211239221e-02
1.814148643568345154e-01
2.710454307099786631e-01
8.498736521510726061e-02
7.083660556793035523e-01
1.467928241932507649e-01
1.017382255319207451e-01
2.024415481820765195e-01
1.207057186684871164e+00
3.808928156312649249e-01
1.541566132068410491e-02
7.087959877255418928e-02
1.085116305346543603e-01
6.686948508976191252e-02
2.510375841635743566e-01
4.437373892232889805e-01
2.864540964017106561e-01
3.648727570929253705e+00
5.769412631159760718e-02
5.746250473371300460e-01
3.348216306232204009e-01
7.776651579142299098e-02
2.899212155060679752e-01
2.540074873040875855e-02
3.716849903159695767e-01
1.332985344047914744e-01
6.195958382589578095e-02
2.097861630914364950e-01
1.985094258945825918e-01
4.470393902718056145e-02
1.405125902991233820e-02
9.651655326725405715e-02
1.518370693690240247e-01
5.803715837377183551e-01
8.776580683955950146e-01
1.316970972828520048e-01
3.160989279887159720e-01
9.824573642590503364e-02
3.054753537063525370e-01
4.377933067572564035e-02
7.985198305737477298e-02
1.929338653654173452e-01
1.237068402022182927e-02
2.757275509874126396e-01
4.646122894714353468e-01
8.682666213502920893e-02
1.009534681120352884e-01
5.031186989849131264e-01
3.488861054455715816e-01
6.105742904324221176e-02
6.899257004145764594e-02
2.300414424335368024e-01
1.484627630467406367e-01
3.565023114009231719e-02
6.584692653537967122e-02
6.814523406664930727e-01
2.389087963025670613e-01
2.990048154025016114e+00
3.354133421901673850e-01
1.031896433711040784e+00
4.603679351212729837e-02
3.422994418302055530e-01
1.264895960728654525e-02
2.226447103889609425e-01
1.080704577436407687e-01
7.418747792887948889e-02
5.339628530303273113e-01
5.109905528674439923e-01
1.293244522544251957e-02
1.757030760510424061e-01
7.909142386876612252e-02
9.130290665821576279e-02
4.565924586023659137e-01
6.582688286438424796e-02
1.046656250693952295e+00
3.891294999235747620e-02
2.156231563100330095e-01
2.238486253123788683e-01
5.339385124748267236e-02
6.916729633484204609e-02
4.629058456634307928e-01
3.276208158779249646e-01
7.015003491960937476e-02
1.340456657673944341e-01
1.862465985500128332e-02
4.455743439278086332e-02
1.140404787829241706e-01
2.243073804651324679e-02
4.831758806192624767e-01
2.705446747669678631e-01
1.054897395959759177e+00
2.441561577265073946e-01
1.011127303497277641e+00
1.439784400850873392e-01
1.697492808315338719e-01
2.071710545502496004e+00
1.989011282285546578e-01
1.410573667288146475e-02
2.773134059024129905e-01
7.114489691245075020e-01
3.827413389117431120e-01
1.598688413397480745e-01
2.231301594280316880e-01
3.875844734418955717e+00
2.318928090636757436e-02
2.195378511414520784e-01
6.002703557424861336e-02
1.973386744434197093e-01
1.744751022633788673e-01
3.403851016065786994e-02
4.416253085646274640e-02
1.838916502055131796e-01
2.953119947642779755e-02
5.612608069153689899e-02
4.639399671567546179e-01
6.969620331731027352e-02
1.148816066473846570e-01
1.020762971621123061e+00
4.824154713093452979e-02
8.437724569005836117e-02
1.737198477103584493e-01
3.182685100057006666e-01
6.902737570018446789e-01
7.748556040845785420e-01
3.504667524959416136e-01
4.848110146583244767e-02
1.327601200834521364e-02
8.291535472312143440e-02
3.188699178244311372e-02
2.619713280565827973e-01
2.142668373363634804e-01
1.598824444826547550e-02
4.670769185356325459e-01
5.267448015275775358e-02
9.609782847333109279e-02
2.201422713027137157e-01
9.526233015450195907e-02
9.885930585565778916e-02
1.922859288494955382e-02
8.743303341033269172e-02
3.321450800024757788e-01
7.727874268476357944e-01
9.069975058670451395e-02
9.355690591524089272e-02
2.535977926660859527e-01
1.042807142444927448e+00
5.652502671629223291e-02
9.850512704715322365e-02
3.834511220654913122e-01
1.758266823878907592e-01
2.649560293507765424e-02
1.882016165526743112e-01
4.027071016816945875e-02
1.236539190553815754e-01
1.318315177635726310e-01
5.789298427716618178e-01
1.057378099910619984e-01
5.917338674563082240e-02
4.901663097341638076e-02
5.720449366903838095e-01
3.728571872851573626e-02
9.421956034794029544e-02
4.035263479147769422e-02
3.451529877412242153e-01
1.098637789542624282e-01
7.519986496589955993e-02
7.751438562404269761e-02
5.055460292670252986e-01
1.436052721536120458e-01
2.703857497972501078e-01
6.665125595241788714e-01
6.907474204897565695e-01
7.001707397054983406e-02
1.200266869675343351e+00
1.328516696087226646e-02
8.122447159533395522e-02
6.604457081437423716e-01
5.814117979659821911e-02
5.780825077824595232e-02
6.422791186575672884e-02
1.775568440695610428e-01
9.794748416244897227e-02
2.808211331492520002e-01
6.561762398665668128e-01
2.257400877014344720e-01
4.371347332574995054e-02
9.216472142448690619e-01
5.598030014224077838e-02
3.339042570149256678e-02
2.307638861327786228e-02
1.485605812100831979e-01
2.703473454691676658e-02
3.139206390311621853e-02
6.365660685568819144e-02
5.965003590303100817e-02
1.722944598560758322e-01
4.235351607320237410e-01
3.269502720841342414e-01
5.555538818359215258e-02
5.196200603256200673e-02
1.539520670470137853e+00
1.105656239385307757e-02
5.918333127531075766e-01
4.278464980679193286e-02
1.109925941569254171e+00
7.316334271125565780e-02
9.856928926044089545e-02
2.584030794664338160e-01
1.621133716369682898e-01
6.763524132700764191e-02
1.436340064081219892e-01
2.856656036410304966e-01
1.575074355084966557e-02
1.144436766163996894e-02
1.042515696310497980e-01
3.016376508142709634e-02
2.170165652016260438e-01
4.561072274952412964e-02
9.628477728115614198e-02
4.238317323438813011e-02
1.409688055606143353e-01
2.742563681845355469e-02
1.304246286544946676e-02
1.703964794458119256e-02
1.236032347580640511e+00
3.201898978628320291e-02
2.598781702316744768e-01
1.958283157194114915e-02
2.608600408750016975e-02
1.230992379622863064e-01
1.065470154942427111e-01
1.183863649599883106e+00
1.072309546312548045e+00
3.552849593979924836e-01
1.709352059547962766e-01
1.032248698361633438e-01
7.636771528859577496e-02
1.106791170029389093e+00
1.714466851733376929e-01
1.571389164028794694e-01
4.920699815060596005e-02
1.638619702276646398e-02
1.077552459476652791e+00
6.669477871569190475e-02
9.926431807542786256e-02
2.718425615327616646e-02
4.678502222884977080e-01
1.366593435637898646e-02
4.610450010646856001e-01
3.166112992073213256e-02
6.189450582288422709e-01
2.845164464664953208e-01
3.610259136811075353e-02
1.498509767078493038e-01
6.645405372175096359e-02
3.864720451763151154e-02
5.245863809957462820e-01
8.798548825594749989e-02
8.667004405118028387e-02
3.707511806975394980e-02
8.274066822263431709e-02
5.630412908437467667e-01
7.798867061717663918e-02
1.184294896372766415e+00
1.094583820012047903e+00
3.248796282185015954e-02
3.847261076326460166e-02
5.347652796423220112e-01
8.517416055305161715e-02
1.055714221709964235e-02
5.797735224866253090e-02
1.681359194657875145e-01
3.894658458899358244e-01
3.043720113333431287e-02
2.648799129103677347e-02
8.245750617874134658e-01
3.123924106699433323e-01
1.633658595612375308e-01
3.387383457347014626e-01
9.509554799562014438e-02
3.227324483390386911e-01
8.002599350442608783e-02
5.171033881888633527e-02
2.835870062957889792e-01
9.243487665467435555e-02
2.426247743267573309e+00
7.481635215033601016e-02
8.216401940892260614e-01
9.245829448868221334e-01
5.124733874378376713e-02
3.875441665209796716e-01
9.635181841487597265e-02
7.895163833076996873e-01
1.016526217581859154e-01
3.030944587769530130e-01
1.072675212291941821e-01
4.837360373696449056e-02
4.271073293171583768e-02
9.409212585947475393e-02
3.184896326186050231e-01
1.728272726761556632e-01
2.393539793152667794e-01
5.979545014299844641e-02
1.124165681345389717e-01
1.604988988243702397e-02
4.251589391807443219e-01
3.792956857256466474e+00
8.888688009551265479e-02
1.141337903722331772e-02
3.705751799518666040e-02
2.071248950129676303e-01
1.774013653835701809e-01
3.691458607034882600e-01
5.374687017260213612e-02
3.303272927305468398e-01
2.387227489630405208e-01
6.873076196953314954e-02
1.395038881807767472e-01
3.291610901548620849e-02
1.024420448084299995e-01
5.974511549658332310e-01
9.286831808119375142e-02
4.740921367828436761e-01
1.636487384925500999e-01
4.125872802897750241e-02
1.582976248898490812e-01
1.219124435406484519e-01
8.669558843261050696e-02
2.803931350831618402e-02
9.159680605254209851e-02
2.033456063690508575e-02
2.451861550663198691e-02
9.137447739681046899e-02
6.483779452670811183e-02
8.535527879222847281e-01
8.095340625316614636e-02
3.218702458404781308e-01
1.323492389191973650e-01
2.551447253604057219e-01
5.505555162811180681e-02
1.030958635599211526e+00
1.322771279092036234e-01
4.549701229661524682e-01
7.843755227573502575e-02
2.475743290451358145e-02
2.252977493037253975e-01
1.099456151384685040e-02
1.101921313125780594e-01
4.143766394811204679e-02
1.879457487680190608e-01
2.252733522150035750e+00
1.063870274749579015e-01
4.250883041023897357e-01
1.226494714138275932e-01
1.178669275870548594e-01
8.987798826268884600e-01
6.335194433119074597e-01
3.656152549885671732e-01
6.282729874471534859e-02
1.392711166809605938e-01
4.758419883103571363e-02
9.967979043280586482e-02
1.134416810492275551e-01
4.556844629339837360e-01
6.615593209625503235e-01
9.101210631184063204e-02
1.230965686926205511e-02
5.320977990409311298e-01
3.789993064542072909e-02
1.840673232591886754e-01
1.329824106559837106e-02
8.692239737147021417e-02
2.987861524624740639e+00
2.483743954082790958e-02
9.358792532651664942e-02
6.522959819798500314e-02
7.092697472554989613e-01
5.555197543417024209e-01
5.039261783378364695e-02
2.166426437014053880e-02
1.877761674590592011e-01
7.180414771632426252e-02
2.238300544356847943e-01
1.429284791738152233e-02
3.043907440841110701e-02
2.371554519308081699e-01
4.527610770861986711e-02
5.200846995088612701e-01
1.815608617740236894e-02
4.589572509239676912e-02
1.316698276271740475e+01
9.635229802068437377e-02
2.539557731953872577e-01
3.948951665774331349e-02
1.759416786219908380e-01
2.800640785607560468e-01
6.686033977857240573e-02
4.495315141950487203e-01
1.717701737600722534e-01
8.425028112089494314e-02
1.455738094601542187e-01
1.558351916097505396e-01
3.626332705630913589e-02
8.777494409338419679e-02
7.342129798565662224e-02
8.729007345805160634e-02
3.265991292545353808e-01
1.128222037767322994e-01
1.010029518226342571e+00
6.226249763282334232e-02
9.131482675207078237e-02
3.675875793081649912e-01
1.397647767686324149e-01
1.402545387474621874e-01
1.736798290420226917e-02
8.668468282443658746e-02
5.730682575397328532e-02
1.859110570030760456e+01
6.549699763443700418e-02
6.104565312691162537e-01
2.275973499950276202e-01
7.284431983524970733e-02
1.385590490113417228e-01
4.764086749352333117e-01
6.059362706036234281e-01
3.531113121920799458e-02
7.253661399432548285e-02
7.154284462422400015e-02
1.570875133856331277e-02
1.685133896166598755e-01
5.124781791385545349e-01
8.237441261554483141e-02
2.974785651581435819e-01
1.881784472327078794e-01
8.093974454464242241e-02
3.179953574906645847e-02
2.608024595603320450e-01
5.117904849791036215e-01
2.366548429761586303e-01
1.233306539319292856e-02
4.604564627566262031e-02
1.982342245815492052e-02
1.523121189476304149e-01
3.198900771130590570e-01
2.649439176873650062e-02
4.711758387345338361e-01
1.444838685906530973e-01
2.406715007782719018e-01
1.761605661087771946e+00
2.206255521013476481e-02
6.879808703820758931e-01
2.915999728784412701e-02
8.522479275228501960e-02
5.035243801355759885e-01
7.159962627839454585e-01
1.220708913132440565e-01
1.659720827555688782e-01
2.595176165569495486e-01
4.582251978495445188e-01
2.836360605411526389e-02
4.100822615382349601e-01
1.123581828511948238e-01
1.018134542120317232e-01
9.364767509538947377e-02
1.232377753092366718e-01
1.075496160029805859e+00
1.408311188934931180e-01
1.214351156652732078e+00
3.903765157004721043e-02
2.777091482795763233e-01
4.143938010501544422e-01
2.302748169200785344e-01
1.740202630771756354e-01
1.493163553821691414e-01
5.296264359829544466e-01
4.337790521510221931e-01
2.849800498078976924e-02
4.962350215137385501e-01
9.085854110822634555e-02
5.370770950162481738e-02
5.569175518469879904e-01
9.603733146297749323e-02
4.067365546530711251e-01
5.574972954141433484e-02
1.050009032504616545e-02
1.177184591094659061e-01
2.476023659968808535e-02
3.169055750147302120e-01
5.844953851593736455e-02
9.959478628214965545e-02
2.260154828200780508e-02
6.073371475635962885e-02
3.583835906738220833e-01
3.369805653226898984e-02
2.028257173001846714e-01
7.887952290479498529e-01
2.309357521705233673e-01
4.119671162259975761e-01
2.622276510544068601e-02
5.308853637836138950e-02
6.544078934355418431e-01
2.672381700472587496e-01
1.969301129575356524e-01
2.165190269336901285e-01
9.089525150480186333e-02
1.607339057694295512e-02
3.633149498691333745e-01
2.298879548117730987e-01
1.093072184774173533e-01
6.802905961277071478e-01
7.175644146827137027e-02
6.240366293047166363e-02
5.670308827530076146e-01
3.852911685220397620e-01
1.256528689348739014e-01
2.997008274277847620e-02
4.581382762821001320e-02
2.101586639834799874e-01
8.322912652236684472e-02
4.667952250672455783e-01
1.154589493089771768e+00
4.014561393818108503e-01
8.139539452953324650e-02
3.705636056360204766e-01
7.526883273404397223e-02
3.655463312839496437e-02
1.447226391999343643e-02
8.339699765225541683e-02
7.006678050308228212e-01
5.065712595815129171e-02
4.411648088239315119e-02
1.691814641073560832e+00
1.330281185370914970e-02
3.655841271054180441e-01
6.840560223323510769e-02
1.505369578503541923e-02
7.915507926806543137e-01
3.154646035408805588e-02
1.426037562688091120e-01
5.801639558680590780e-02
1.916173240795157259e-02
1.686068528389082430e-02
2.734073398477153416e-02
2.011679613959136900e-02
3.257895301748150452e-01
1.139454567338886865e-01
7.329760365660685506e-02
9.206507659187319892e-02
8.845175757336689593e-01
7.433785549438562956e-01
2.678847538965979380e-01
6.112085628758155975e-01
6.801860915091854920e-02
8.226062617387569498e-02
1.784896966013750919e-01
1.852872041455322083e-01
1.125136584117476246e-01
8.722544435249769690e-02
3.022616320095409925e+00
4.326707843211463622e-01
9.692618492941885988e-02
2.814947760919512265e-01
5.705699289815435726e-02
2.475046489982010364e-02
7.549795298502508245e-02
8.783892000950339896e-02
1.215299583441612104e-02
4.195404381655047366e-01
7.706960356298930837e-02
1.579043530429424247e-01
2.052252488565040056e-02
3.803531522902025425e-02
6.323244302218684609e-01
1.751681047488200804e-01
1.160381138514121391e+00
1.413994154752988308e+01
8.003946782755681777e-02
6.338658543368151654e-02
5.222428615483895031e-01
1.341395796448180811e+01
1.895762835066600593e-01
3.819495338590696565e-01
3.588072466549347972e-01
7.617277195022717495e-02
1.544463262379825730e-01
4.589057717643272305e-01
2.388496045789063604e-01
1.277743847749955933e-02
7.188106413967300379e-02
3.241189584854806127e-02
4.942539823091832152e-02
7.115684344554057406e-01
1.496883062181438018e-02
4.675996857840181847e-02
6.576676146198828787e-02
1.806287442434831303e-01
1.341126243286793474e-01
4.645299306876616435e-02
3.602291995041367878e-02
5.020786400427227486e-02
1.205149975802989187e-01
5.740156601922302704e-02
1.115038189059655238e+00
1.062036119740385615e-01
1.818708709237933097e-02
2.838962735220289524e-01
7.009324739108781233e-02
2.079079766608800117e-01
5.920611325791254320e-02
1.525070156516687425e-01
3.433431123427271858e-01
8.757252416861257549e-01
5.526877889566544910e-02
7.145936571461060371e-02
1.063404302766543102e-01
8.680754565487434071e-01
6.888483706103222248e-01
2.306194008943703716e-02
3.018016584248913239e-02
1.177379315027972939e-01
2.582680846999097987e-02
7.391584822527023924e-02
3.311705810880665596e-02
1.942818371330641836e-01
1.146610496832402681e+00
8.196657087359948690e+00
8.084225735747400943e-02
1.689954530199583305e-01
5.164245928508989225e-01
2.766681603353822808e-02
2.402726128611216982e-01
8.942008210923141354e-02
4.404412482681237945e-02
8.778059575222077471e-02
2.083627903528901051e-02
2.461173651755996505e-01
5.350821981998524907e-02
6.617534197553774644e-02
2.828938515370385542e-02
5.407573784974027964e-01
1.169369845577320904e-01
1.532747916645341990e-01
1.517941353961391460e-01
8.987096702168821671e-02
4.138503626120686868e-02
3.042013156266247242e-01
2.932621951240709651e-02
2.536697292808704277e-02
2.617041564767558226e-01
4.457546175226392154e-02
6.514597049560107156e-02
1.101687170515621428e-01
1.014042179272417465e-01
2.599882051546501538e-01
1.851508785867670426e-01
2.006574572719891925e-01
2.660527480418906077e-01
6.203002716605646866e-02
6.862239786399980390e-02
9.784479705958362694e-02
6.529884459487074466e-02
2.837670988998872712e+00
4.180396810283811271e-01
3.609969940041789921e-02
1.071417102838016777e-02
1.581569351292570064e-02
5.170390224305614763e-02
2.712481571966314162e-02
1.337608525047548347e-01
5.212268242458254486e-01
2.932467931128318051e-01
4.592108664557421893e-02
8.686800167484323709e-02
1.226946873202596766e-01
4.103518005919566392e-01
4.730331482547789346e-01
7.368746522879260352e-01
1.232516947182907135e-01
2.449702496293671705e-01
2.670129373926516739e-02
1.495693012232845731e-01
5.266377877361387572e-02
9.594533484733622219e-02
1.928025081722788414e-01
5.439707796572525872e-02
1.719602227380881421e-02
1.131756974255108961e-02
1.291304787607722333e-02
1.107134269560530911e-02
2.645647041401607072e-02
5.076037076533454484e-02
4.704534794422688543e-02
3.125128264495973252e+00
6.497609874497825566e-02
2.938983560276282186e-02
1.395400312929331865e-01
5.211207411612329699e-01
2.292819365510193330e-01
6.278922327699568151e-02
1.476326286349798345e-01
2.669560570908879327e-01
2.824794705627710067e-01
2.189203446861806568e-01
5.603504883956318405e-01
5.580223102381330902e-01
1.570618423902309657e-01
9.539189314067035574e-02
1.984712415751520853e-01
4.265673667554506499e-01
1.072164598396697748e-02
4.480297115848776990e+00
3.953353552643203844e-02
1.084080829561807485e-01
5.644305269119257451e-01
4.781497629005569683e-02
1.107308403714869494e-01
3.029502818264501879e-02
8.576904553180188240e-02
3.843934213874191513e-02
7.810545123739262574e-02
8.041904772845159810e-02
5.008178909306942650e+00
6.050950360431609276e+00
2.720921551232321003e-02
2.798991316523884443e-01
1.713071723292516543e-02
1.402253068689009001e-02
2.561121440420248419e-02
1.529225199671565560e+00
1.017129162890807015e+00
4.165573466055549207e-02
3.554719276498624625e-02
5.097572303095023599e-02
1.258936532151099796e-01
1.519416493331783857e-01
4.712013623960571024e-02
3.200974820303001400e-01
6.576316410977992022e-02
8.248872270793220496e-01
2.105685447653355136e-01
9.734215198891903176e-02
3.726913397543665241e-01
4.259503169584437088e-01
6.156505260146247216e-02
7.256898705035855213e-02
