4.265007830373669434e+11
4.265007830373669434e+11
4.273322662117615967e+11
4.280398356271459961e+11
4.285979695232825317e+11
4.289806025673724976e+11
4.291157981555596924e+11
4.288880738456864014e+11
4.281137075731923218e+11
4.263499079232681274e+11
4.229264674617060547e+11
4.163928193985657959e+11
4.045764551672559814e+11
3.853737541840430298e+11
3.627621237104420776e+11
3.445274627376701050e+11
3.333430577398791504e+11
3.273461004931242676e+11
3.240868408892316284e+11
3.223333459000319214e+11
3.214198783244810181e+11
3.209970244619829102e+11
3.208948185876838989e+11
3.209863516881430054e+11
3.212239975912802124e+11
3.215724133539288330e+11
3.219896514972257690e+11
3.225422534847647095e+11
3.232149347446415405e+11
3.240686818796649170e+11
3.252391450963400879e+11
3.268934926882910156e+11
