0.000000000000000000e+00
1.190000000000000085e-01
2.380000000000000171e-01
3.569999999999999840e-01
4.760000000000000342e-01
5.949999999999999734e-01
7.139999999999999680e-01
8.329999999999999627e-01
9.520000000000000684e-01
1.070999999999999952e+00
1.189999999999999947e+00
1.308999999999999941e+00
1.427999999999999936e+00
1.546999999999999931e+00
1.665999999999999925e+00
1.785000000000000142e+00
1.904000000000000137e+00
2.023000000000000131e+00
2.141999999999999904e+00
2.261000000000000121e+00
2.379999999999999893e+00
2.499000000000000110e+00
2.617999999999999883e+00
2.737000000000000099e+00
2.855999999999999872e+00
2.975000000000000089e+00
3.093999999999999861e+00
3.213000000000000078e+00
3.331999999999999851e+00
3.451000000000000068e+00
3.570000000000000284e+00
3.689000000000000057e+00
3.808000000000000274e+00
3.927000000000000046e+00
4.046000000000000263e+00
4.165000000000000036e+00
4.283999999999999808e+00
4.403000000000000469e+00
4.522000000000000242e+00
4.641000000000000014e+00
4.759999999999999787e+00
4.879000000000000448e+00
4.998000000000000220e+00
5.116999999999999993e+00
5.235999999999999766e+00
5.355000000000000426e+00
5.474000000000000199e+00
5.592999999999999972e+00
5.711999999999999744e+00
5.831000000000000405e+00
5.950000000000000178e+00
6.068999999999999950e+00
6.187999999999999723e+00
6.307000000000000384e+00
6.426000000000000156e+00
6.544999999999999929e+00
6.663999999999999702e+00
6.783000000000000362e+00
6.902000000000000135e+00
7.020999999999999908e+00
7.140000000000000568e+00
7.259000000000000341e+00
7.378000000000000114e+00
7.496999999999999886e+00
7.616000000000000547e+00
7.735000000000000320e+00
7.854000000000000092e+00
7.972999999999999865e+00
8.092000000000000526e+00
8.211000000000000298e+00
8.330000000000000071e+00
8.448999999999999844e+00
8.567999999999999616e+00
8.686999999999999389e+00
8.806000000000000938e+00
8.925000000000000711e+00
9.044000000000000483e+00
9.163000000000000256e+00
9.282000000000000028e+00
9.400999999999999801e+00
9.519999999999999574e+00
9.638999999999999346e+00
9.758000000000000895e+00
9.877000000000000668e+00
9.996000000000000441e+00
1.011500000000000021e+01
1.023399999999999999e+01
1.035299999999999976e+01
1.047199999999999953e+01
1.059100000000000108e+01
1.071000000000000085e+01
1.082900000000000063e+01
1.094800000000000040e+01
1.106700000000000017e+01
1.118599999999999994e+01
1.130499999999999972e+01
1.142399999999999949e+01
1.154300000000000104e+01
1.166200000000000081e+01
1.178100000000000058e+01
1.190000000000000036e+01
1.201900000000000013e+01
1.213799999999999990e+01
1.225699999999999967e+01
1.237599999999999945e+01
1.249500000000000099e+01
1.261400000000000077e+01
1.273300000000000054e+01
1.285200000000000031e+01
1.297100000000000009e+01
1.308999999999999986e+01
1.320899999999999963e+01
1.332799999999999940e+01
1.344700000000000095e+01
1.356600000000000072e+01
1.368500000000000050e+01
1.380400000000000027e+01
1.392300000000000004e+01
1.404199999999999982e+01
1.416099999999999959e+01
1.428000000000000114e+01
1.439900000000000091e+01
1.451800000000000068e+01
1.463700000000000045e+01
1.475600000000000023e+01
1.487500000000000000e+01
1.499399999999999977e+01
1.511299999999999955e+01
1.523200000000000109e+01
1.535100000000000087e+01
1.547000000000000064e+01
1.558900000000000041e+01
1.570800000000000018e+01
1.582699999999999996e+01
1.594599999999999973e+01
1.606500000000000128e+01
1.618400000000000105e+01
1.630300000000000082e+01
1.642200000000000060e+01
1.654100000000000037e+01
1.666000000000000014e+01
1.677899999999999991e+01
1.689799999999999969e+01
1.701699999999999946e+01
1.713599999999999923e+01
1.725499999999999901e+01
1.737399999999999878e+01
1.749300000000000210e+01
1.761200000000000188e+01
1.773100000000000165e+01
1.785000000000000142e+01
1.796900000000000119e+01
1.808800000000000097e+01
1.820700000000000074e+01
1.832600000000000051e+01
1.844500000000000028e+01
1.856400000000000006e+01
1.868299999999999983e+01
1.880199999999999960e+01
1.892099999999999937e+01
1.903999999999999915e+01
1.915899999999999892e+01
1.927799999999999869e+01
1.939700000000000202e+01
1.951600000000000179e+01
1.963500000000000156e+01
1.975400000000000134e+01
1.987300000000000111e+01
1.999200000000000088e+01
2.011100000000000065e+01
2.023000000000000043e+01
2.034900000000000020e+01
2.046799999999999997e+01
2.058699999999999974e+01
2.070599999999999952e+01
2.082499999999999929e+01
2.094399999999999906e+01
2.106299999999999883e+01
2.118200000000000216e+01
2.130100000000000193e+01
2.142000000000000171e+01
2.153900000000000148e+01
2.165800000000000125e+01
2.177700000000000102e+01
2.189600000000000080e+01
2.201500000000000057e+01
2.213400000000000034e+01
2.225300000000000011e+01
2.237199999999999989e+01
2.249099999999999966e+01
2.260999999999999943e+01
2.272899999999999920e+01
2.284799999999999898e+01
2.296699999999999875e+01
2.308600000000000207e+01
2.320500000000000185e+01
2.332400000000000162e+01
2.344300000000000139e+01
2.356200000000000117e+01
2.368100000000000094e+01
