0.000000000000000000e+00
-1.110223024625156540e-16
-4.514725289820553655e-03
-9.202009566040780797e-03
-1.403224832327754079e-02
-1.897959757509626311e-02
-2.402338545808180292e-02
-2.913917953898104152e-02
-3.430529671760318422e-02
-3.950874477179855404e-02
-4.472190154015687202e-02
-4.992835381102811443e-02
-5.511113074218831898e-02
-6.023883505277938255e-02
-6.529636433504781845e-02
-7.026011738272408547e-02
-7.509467855776585932e-02
-7.978624604867745607e-02
-8.431283514460496953e-02
-8.863418876551476533e-02
-9.272897477230002128e-02
-9.658243408101385707e-02
-1.001701408197238630e-01
-1.034764281271742803e-01
-1.064846152627686449e-01
-1.091814977068181758e-01
-1.115584027088134533e-01
-1.136053291164699219e-01
-1.153230765752882858e-01
-1.167027477698446836e-01
-1.177412099341959006e-01
-1.184455993742712376e-01
0.000000000000000000e+00
