3.902513526626019287e+11
3.893689645711263428e+11
3.884683318709346924e+11
3.876030173663743896e+11
3.866992312395458984e+11
3.857858124322601929e+11
3.847969061601626587e+11
3.837835917042178955e+11
3.827598697271629028e+11
3.816863375985619507e+11
3.806183148782344971e+11
3.795079601427313843e+11
3.784638144230227051e+11
3.773248479211694946e+11
3.763009821233879395e+11
3.751666583731953125e+11
3.740101714342156372e+11
3.728753318899394531e+11
3.717038346550767212e+11
3.704941800140789185e+11
3.692856061064999390e+11
3.680862560275792236e+11
3.668193260744456787e+11
3.655875729765831299e+11
3.643103316969919434e+11
3.631386811389762573e+11
3.618784262003369751e+11
3.606501836030704346e+11
3.594153561009140625e+11
3.581967845592384644e+11
3.568957751944982910e+11
3.555920132289838867e+11
3.543173060372750854e+11
3.530861910015344849e+11
3.518207308132331543e+11
3.506960577712329102e+11
3.495464726127055664e+11
3.483854257018075562e+11
3.472358091012903442e+11
3.461407238263623657e+11
3.451073592169033203e+11
3.440133305843975830e+11
3.428539472287111816e+11
3.417252023493031616e+11
3.407154592623665161e+11
3.396940497122764282e+11
3.387258078721570435e+11
3.377469512618866577e+11
3.367391131354545898e+11
3.357738234308789062e+11
3.349119911892973633e+11
3.340319165525006714e+11
3.331554746868316040e+11
3.323592585175348511e+11
3.315283929264951782e+11
3.307225477870443115e+11
3.299205361750565186e+11
3.291637488740549316e+11
3.284103555176873169e+11
3.276300697609981689e+11
3.268736013437886963e+11
3.260740919168015747e+11
3.254044465114887085e+11
3.247823845203902588e+11
3.241036534482536011e+11
3.234832497792780762e+11
3.229044271659963989e+11
3.223022979897321777e+11
3.217407063475595703e+11
3.211823332739179688e+11
3.206610979096199951e+11
3.201380559918322754e+11
3.196167492377363892e+11
3.191119274395764771e+11
3.186327861066810913e+11
3.181517465068137817e+11
3.176776694747432861e+11
3.172176167419223022e+11
3.167995717061464844e+11
3.163877670163880615e+11
3.159655821556952515e+11
3.155986818030330200e+11
3.151819696739698486e+11
3.147843580290839844e+11
3.144282196257448120e+11
3.140868653806371460e+11
3.137236605193425293e+11
3.133591300615959473e+11
3.130268695930900269e+11
3.126928524609240723e+11
3.123595042482831421e+11
3.120566439128756104e+11
3.117828744636522217e+11
3.115150675069092407e+11
3.112388688118740234e+11
3.109713571999593506e+11
3.107203250794242554e+11
3.104894192814783936e+11
3.102394296066237793e+11
3.100370911254639893e+11
