3.078602891299825387e+03
2.180394656580197989e+03
3.077305568753845364e+03
3.153173851679265226e+03
3.521829661757359645e+03
2.223273807065228539e+03
2.677509230648838184e+03
2.666586852354989787e+03
6.527841110405161999e+03
2.870398135677261507e+03
3.535534702375774032e+03
3.531121527663898178e+03
2.381090420037271542e+03
3.194112278596392571e+03
4.416657309882742993e+03
2.950885703766557981e+03
6.004943475093782581e+03
2.203300168177196156e+03
1.575984309143787641e+03
4.367755130866074978e+03
3.760591820363180432e+03
1.559030209260899028e+04
3.426464513382825317e+03
5.626528507564590655e+03
3.568390941598678182e+03
3.723089813332828726e+03
3.187515698235325090e+03
2.712976150425652577e+03
5.519624545737962762e+03
2.839970631584291823e+03
3.112816659535851159e+03
2.875983605416776754e+03
3.177015436979032074e+03
2.938807610742195266e+03
1.429703254397978071e+03
4.216020454651287764e+03
2.871553730397982235e+03
3.234828619089294534e+03
1.895709276050044991e+03
1.151673060002403645e+03
2.313294903964024343e+03
3.469411023929224939e+03
1.705872220038497062e+03
4.523003207174981071e+03
2.205390744740784157e+03
2.166273120853296405e+03
2.075919708994362736e+03
1.221491284365155025e+03
3.550359145277246625e+03
4.111564443950836903e+03
3.292855957374023546e+03
2.102659243652770328e+03
2.443957105953717019e+03
2.952761309713442188e+03
6.325485184180100987e+03
2.320351291810154180e+03
3.508520631856041746e+03
2.858824304316111920e+03
2.482435456594897914e+03
2.901229997209399244e+03
1.560050266665071831e+03
3.565497569888933413e+03
2.306454448110830072e+03
3.500220456976141122e+03
1.544493879036023145e+03
6.354103580404464992e+03
2.121618638185267628e+03
4.226738575936570669e+03
3.568269545133663996e+03
7.049784609127129443e+03
2.957813410773456781e+03
3.502911937400591341e+03
2.683580730721718282e+03
2.087404513539956952e+03
2.868160956009988695e+03
2.011110712558132946e+03
9.919718748136514478e+03
1.691045466611196844e+03
3.235459480328633617e+03
3.320066568530440236e+03
3.110966864954632911e+03
3.394031654014265769e+03
1.789006985016549152e+03
3.153016088900589239e+03
2.449957129704468116e+03
5.812714608005378068e+03
3.542197858797799654e+03
7.752839814046311403e+03
1.368283823574759936e+03
2.443506794865844768e+03
2.131012075163537702e+03
1.203108010074409322e+03
2.303083349145401371e+03
3.425341533893626547e+03
2.263683074545228010e+03
3.037513321294076832e+03
4.307402112696409858e+03
3.451661754515275334e+03
2.744076804535581232e+03
2.688008027450782720e+03
2.900765965692058671e+03
2.057816517061644845e+03
3.336332846042659639e+03
2.666908146882624806e+03
3.815324268379305977e+03
3.536982235845047398e+03
3.284635786589401050e+03
2.667034750135425384e+03
2.186424472195861199e+03
3.553560752671195132e+03
2.979705111031384149e+03
2.240964045110338247e+03
2.130047244956876966e+03
2.009649217018459922e+03
3.554264114907221028e+03
2.256190172405450994e+03
3.082236759618425367e+03
2.889973687420314491e+03
3.212699061726856598e+03
4.142421380871591282e+03
4.009941149218955161e+03
2.888762295362848818e+03
1.230430112547063118e+03
2.825396674847962004e+03
3.274824527391719130e+03
3.159767902546979712e+03
3.372445631047880852e+03
1.961376170383194676e+03
3.362635942922773665e+03
2.080521881360032694e+03
3.530816733608887716e+03
2.600664865329454642e+03
3.477695893223165967e+03
1.429111227692663988e+03
2.777797118710363065e+03
3.470121757442529997e+03
2.248604132936850874e+03
3.564216931940793074e+03
3.329420721912410499e+03
3.231572282328007077e+03
2.639377638970554926e+03
2.969539039238358328e+03
3.254474159293621142e+03
2.943845533637630069e+03
3.459264873506037475e+03
2.844031526126720564e+03
2.157428630995192179e+03
2.201354714152173528e+03
1.167821965058905562e+03
2.491775093413433751e+03
3.529093418617368570e+03
3.563751602191840448e+03
2.158171441088039956e+03
6.511358027886599302e+03
3.020674584534720907e+03
4.789803230559971780e+03
3.472845799320025435e+03
3.496098906558946510e+03
1.633580495760666281e+03
2.223669202440742538e+03
1.187758821560721117e+03
3.487052354989605647e+03
2.615148287968595923e+03
3.560119641072930790e+03
2.600252306129706540e+03
3.569022847801902117e+03
1.857095601667586834e+03
2.042792863802605098e+03
2.605528293377390582e+03
2.779399867150333193e+03
2.626556831955299458e+03
3.543609674424920286e+03
1.694601671372002784e+03
2.633227421294059695e+03
3.641498668965962679e+03
1.535996915090735229e+03
5.936054414930797066e+03
1.149832026651696106e+04
1.651854039688448893e+03
2.462456448632305182e+03
2.687836184105796747e+03
3.553729032843825280e+03
3.251169679231800274e+03
3.358153783804732484e+03
3.537916524553458203e+03
1.797585493915950792e+03
3.596460435737299576e+03
3.471046270184402147e+03
3.207271511233675483e+03
4.338948525473722839e+03
3.462529788428155825e+03
2.155235764010061303e+03
2.833875911956505206e+03
2.999285544565217606e+03
1.471336803447260763e+03
6.336522556366296158e+03
1.847311985731385676e+03
3.457857542439951885e+03
3.030446545088799667e+03
1.295439684443525721e+03
5.082896529769893277e+03
3.809065485899678151e+03
3.076218260513197492e+03
2.256029851276445243e+03
1.814842009573384757e+03
2.664957747155456218e+03
2.347655520377189077e+03
3.031620094939440150e+03
6.860238832877344066e+03
3.201540361747412589e+03
4.342203688514950045e+03
3.371517932621784439e+03
2.951011287034637462e+03
3.842172975402982956e+03
2.941029414163002912e+03
4.021875825884729238e+03
2.463388112435116454e+03
1.848402463714643090e+03
3.850738901229563453e+03
3.231226379285517396e+03
4.328301045042207988e+03
5.685762761493841026e+03
1.462288075647646110e+03
3.017011571091992664e+03
2.694293521644185148e+03
3.318746026431757855e+03
3.563507155716160014e+03
2.429298986324181442e+03
3.157394263801455054e+03
3.475899483938090725e+03
1.874180887312462119e+03
3.568837018678534150e+03
3.274633022035117392e+03
6.151901472393333279e+03
2.601866589160432341e+03
1.750162333894579888e+03
3.031135570260796612e+03
1.637573322173671613e+03
7.283559741330032921e+03
1.375039279846280351e+03
3.533924434891569490e+03
3.078350923217362379e+03
2.678296063093703651e+03
1.530747430235686579e+03
3.310651688752588143e+03
3.226038309837935685e+03
2.430220309276763146e+03
4.564638122081953952e+03
2.501168120602454110e+03
2.885283360435965278e+03
3.125146565061671936e+03
1.711060786655413267e+03
5.404931103909831108e+03
2.693213999648889512e+03
1.611227035076737820e+03
2.725449470154007486e+03
3.261076642194592296e+03
3.049343343586953324e+03
3.452984126144503080e+03
1.472848940163989710e+03
2.441662590440584154e+03
3.569024044157134540e+03
1.606551283524128621e+03
3.852824375187140049e+03
1.668943271075789653e+03
3.610314462388680568e+03
2.658250351747095920e+03
3.288463627479643492e+03
1.956226901716334623e+03
1.532544271760319589e+03
2.208776375332166481e+03
1.843962265766351948e+03
2.525543367366036364e+03
3.051199800035049975e+03
3.234395016207613025e+03
3.561785274214930723e+03
3.382304504711169102e+03
3.280660496999587394e+03
2.787822022859374101e+03
2.947310648137043700e+03
2.794829693507552747e+03
3.697248238777627193e+03
2.259807485638728394e+03
1.167270518139858495e+03
3.372412771479684579e+03
2.158150966928377329e+03
4.345271197454979301e+03
3.896790689277582715e+03
1.589735822597530159e+03
1.741551766667097127e+03
3.002176997880157614e+03
3.281713788167668099e+03
2.411303900780665117e+03
3.488034042892080379e+03
3.248816496837636805e+03
2.561117143744969781e+03
1.293815377730147247e+03
3.530418809626743951e+03
2.204394971646994691e+03
3.610532205772825364e+03
2.809609358210009304e+03
3.206638241414048935e+03
4.081792060698504883e+03
3.955257680072521907e+03
2.685618892076594420e+03
2.182508755147774536e+03
3.552844731771323495e+03
2.842446040938045826e+03
2.117806111092713309e+03
4.603087514837353410e+03
2.141407247085819108e+03
1.296528495444256805e+03
1.261821381921800366e+03
3.310978566583323754e+03
3.393034196637730474e+03
2.521569045557539539e+03
2.547457524710310281e+03
2.601771316597358236e+03
3.427851425155150537e+03
1.487829632995316160e+03
5.267006372091073899e+03
2.232889113566049673e+03
3.680978873477235902e+04
2.035160314007805482e+03
3.550159585257311846e+03
2.236124147727158288e+03
1.611583429295987116e+03
4.110106676827535011e+03
3.893097624879994328e+03
2.766847157303773656e+03
3.465912220111975330e+03
3.158051672138766662e+03
3.822351282025016189e+03
2.533225978072552152e+03
3.074738868362998346e+03
2.977042916747430809e+03
2.640316066150553979e+03
4.367775278997091846e+03
2.011651587094675506e+03
1.941503350660209435e+03
3.206235781928460710e+03
3.384799443403749592e+03
2.127884193776862048e+03
2.734140033902221603e+03
6.051816699738301395e+03
2.317842902873805542e+03
3.405935075008776039e+03
3.519107415638743078e+03
2.881171023025086015e+03
5.669957542373123033e+03
3.514864074554031959e+03
2.906404691364534301e+03
3.187984662432673758e+03
3.449721358425845665e+03
3.242449874977718537e+03
4.165257664090705475e+03
2.648125613171120676e+03
2.488564279294554581e+03
2.201002429629500966e+03
1.369643531732431711e+03
1.400726426311414571e+03
4.041410258454504856e+03
3.424643726582920863e+03
3.390796121052500439e+03
3.293932528609997917e+03
3.778431174516380906e+03
2.963923911948461409e+03
4.046317188908600656e+03
2.654773477924172312e+03
5.163604055075957149e+03
3.459830540254345124e+03
2.353495861276644519e+03
3.175228685683443473e+03
3.098313890405234361e+03
1.889902187699815840e+03
3.240230408825489121e+03
2.532444524265209566e+03
1.454970845417894225e+03
6.121697883784839178e+03
3.352166840371811759e+03
4.138957321407984637e+03
3.420357594670949766e+03
2.648373483040529209e+03
3.046891141043103289e+03
3.419787120548782696e+03
6.562142873459528346e+03
2.341756297248400642e+03
4.110736451557347209e+03
5.055990758722011378e+03
3.409831841994844126e+03
5.363516098056134069e+03
2.752343346171926896e+03
6.275918939002989646e+03
3.466533523801405408e+03
1.394774730237546919e+03
4.651445928857966464e+03
2.974732429222774044e+03
2.912593748441168373e+03
3.181025385443582763e+03
1.940960071514626406e+03
2.935360001865485629e+03
3.573395240084264969e+03
1.231178479123922443e+03
2.404937719626630496e+03
1.145397788642793330e+03
2.797877463346928380e+03
3.504141696695795872e+03
3.565526938105665067e+03
6.007258313467380503e+03
3.280084556170729229e+03
2.344970706251365755e+03
5.058793408647401520e+03
3.552966580188540775e+03
3.200277931957509281e+03
3.454826839471043513e+03
5.065536993955145590e+03
3.481495621500571360e+03
2.677671899003720227e+03
3.482449762898201243e+03
1.384532986582644980e+03
2.723230570562049252e+03
2.773871889736609774e+03
2.015675172417588101e+03
1.279516519882052989e+03
1.869392792875432406e+03
3.379069129268413235e+03
3.566643691913609473e+03
1.242333797160266477e+04
2.620313384038820914e+03
3.259175007244276458e+03
5.650114249414051301e+03
2.016526730034828233e+03
3.489269332332170507e+03
3.535419135618924884e+03
1.653954439676037737e+03
3.924653240476171959e+03
3.568749175226431362e+03
1.343224564974671011e+03
1.664789852016729355e+03
1.436422044722778537e+03
2.588766008323196274e+03
3.038240659431357471e+03
3.096598935622083900e+03
2.388000310902339606e+03
4.608479689195402898e+03
2.677388486125697000e+03
1.415617079451022619e+03
2.489587683082859257e+03
3.093486707502222089e+03
2.778721375400716624e+03
2.407900163325277390e+03
1.859968042228292461e+03
3.569024708057811040e+03
2.057708075699297115e+04
2.574351596653455090e+03
2.711095990484110189e+03
3.301511687916067331e+03
3.490421868826644641e+03
2.737471400794088822e+03
4.612937185212936129e+03
3.165258319849665440e+03
2.886995327088356134e+03
3.362919321284434773e+03
6.268119512751742150e+03
3.563915181362699968e+03
1.382956947374494803e+03
2.582044643175649071e+03
2.938909577462953621e+03
2.531669190391758093e+03
3.462336250069390644e+03
3.568491403027298475e+03
3.508130402450388374e+03
1.307558378257489494e+04
2.403752870585849905e+03
4.110915582297025139e+03
3.546181414672658320e+03
2.661836835116137536e+03
3.511695668930995907e+03
1.730159381898442462e+03
3.561519731139335363e+03
3.096555913688144756e+03
2.465569958332127499e+03
3.381381593954884465e+03
3.352437872280783267e+03
2.184752691430478990e+03
1.324882913812261677e+03
2.843840388469194750e+03
3.188412440414401772e+03
4.134364599335290222e+03
5.227828281946071911e+03
3.087688216141715657e+03
3.534230391856422557e+03
2.858451329251086918e+03
3.525970359465532056e+03
2.167063058445793104e+03
2.684473364998684247e+03
3.336818189986523066e+03
1.248327991971421852e+03
3.496137951127863289e+03
3.622389064574500480e+03
2.755559288408118391e+03
2.880691280336805448e+03
3.802526462640512818e+03
3.553208657515795039e+03
2.452852699250887326e+03
2.558722179782720104e+03
3.425527700108002136e+03
3.173066039184549936e+03
1.996274078531506802e+03
2.518320189224562000e+03
4.518704696801351929e+03
3.442083018632086350e+03
1.134844537285429033e+04
3.546509081762037567e+03
5.914609390428182451e+03
2.209700781649757573e+03
3.550111993888068355e+03
1.261425606040660114e+03
3.410481955327947617e+03
2.935659276197409326e+03
2.621374311450330879e+03
3.939467919280823480e+03
3.838072024573097679e+03
1.274589423981112077e+03
3.282354016334506468e+03
2.676295475941179575e+03
2.797748649066058988e+03
3.583497506357668044e+03
2.518056403195704206e+03
5.977560287744944617e+03
2.068348873438259488e+03
3.395077255170155240e+03
3.413011251968184752e+03
2.336791522311546032e+03
2.560909756657941671e+03
3.614154933881080524e+03
3.541955708354411399e+03
2.573106350872358689e+03
3.100638134372533386e+03
1.507696329886379772e+03
2.181971019599999181e+03
2.978193889484009105e+03
1.638420397325148770e+03
3.710562030073644564e+03
3.489792400722477851e+03
5.958008972543792879e+03
3.451169494412621134e+03
5.825250057276221924e+03
3.151769986697665900e+03
3.261113716185299836e+03
8.607743671007119701e+03
3.353501390547623942e+03
1.327267623061996801e+03
3.498005934109532518e+03
4.623534324834456129e+03
3.564334876096608696e+03
3.222750431749832842e+03
3.411505678918936610e+03
1.363388384661678901e+04
1.662625050316016086e+03
3.403805285173586071e+03
2.438097951905834179e+03
3.349233091634211178e+03
3.278082221596309410e+03
1.958696990105564964e+03
2.174433315346318068e+03
3.309467369439488721e+03
1.845704644056579355e+03
2.379904052321884592e+03
3.619147533768739322e+03
2.567496452714491625e+03
2.983943448378021458e+03
5.866821874725251291e+03
2.249604820260623910e+03
2.731370319267477498e+03
3.275427181922151703e+03
3.535779782259051444e+03
4.549936180404207335e+03
4.737432713702045476e+03
3.553902870426548361e+03
2.253842144954804098e+03
1.290308969294132567e+03
2.716541556782090083e+03
1.906295176584662158e+03
3.478449505259732177e+03
3.391968933312438821e+03
1.406362817986375831e+03
3.634242802883661170e+03
2.325095767574239744e+03
2.840253101811598299e+03
3.405121280301336810e+03
2.833036888331454975e+03
2.863558340600702195e+03
1.529568060773773823e+03
2.761424051500787755e+03
3.544662554722980076e+03
4.727270220347893883e+03
2.792209749855695918e+03
2.818061528633583293e+03
3.466283447521752350e+03
5.961187563408557253e+03
2.386031804968782126e+03
2.860615244035621799e+03
3.564490745632793278e+03
3.282780944283992994e+03
1.762050230502840350e+03
3.322827522328414034e+03
2.096889399750757548e+03
3.040601089132814195e+03
3.088438780900847178e+03
4.128499008209903877e+03
2.918176838642415532e+03
2.425684098898489083e+03
2.263247166158166237e+03
4.100326393140051550e+03
2.033042724703784188e+03
2.823919906383738635e+03
2.098585741512492859e+03
3.551494479746447723e+03
2.948762602094977865e+03
2.633033447131083904e+03
2.659054265065567051e+03
3.813531794442868886e+03
3.149949778857861929e+03
3.489591882538149548e+03
4.465020027919433232e+03
4.551603501057888025e+03
2.571466773495001689e+03
6.255236335498514563e+03
1.290724415330657166e+03
2.699010963006185648e+03
4.442928862077459598e+03
2.410437838412150541e+03
2.405464171804653233e+03
2.496744143409072421e+03
3.288698641358672830e+03
2.855954317418081700e+03
3.502018746682087112e+03
4.427279986942863616e+03
3.416920984351537300e+03
2.165790794396014462e+03
5.429348121019973405e+03
2.377654497585639092e+03
1.943190630849232548e+03
1.659057967077784042e+03
3.173518953362739921e+03
1.777404445707360537e+03
1.893855656156917348e+03
2.488998304360854945e+03
2.432637067132843640e+03
3.270358076452188470e+03
3.568994231969109478e+03
3.541539301691059336e+03
2.371065640126410017e+03
2.313364931653100939e+03
6.783113416728292577e+03
1.183944024004833864e+03
4.180584288493355416e+03
2.147669625825948515e+03
6.075596803540513065e+03
2.609402684831150964e+03
2.861149397457843861e+03
3.473401354033765529e+03
3.231825342135159644e+03
2.541528420394790373e+03
3.150090204259444818e+03
3.507298979665094976e+03
1.396720004972265542e+03
1.203400168142805796e+03
2.906771439930058932e+03
1.862323882799449848e+03
3.398224998599022001e+03
2.201795162334240104e+03
2.841857122682073623e+03
2.139732520424414361e+03
3.136872575519286329e+03
1.788398041163038215e+03
1.279650696469662989e+03
1.447984825170390877e+03
6.322184486273822586e+03
1.909587746569583032e+03
3.475512294449394631e+03
1.542185318310042703e+03
1.750232760742684604e+03
3.037189302622261494e+03
2.924298734708589564e+03
6.223771683825080800e+03
5.995933600442221177e+03
3.555906006105580218e+03
3.265452232941383500e+03
2.898768151807600589e+03
2.646271538669395341e+03
6.069073001944631869e+03
3.267306586322850762e+03
3.211412953339963224e+03
2.266568121603295822e+03
1.422317426435140760e+03
6.007220442958125204e+03
2.529403449301413730e+03
2.866907569336235156e+03
1.781623181712149290e+03
3.637952614330383767e+03
1.307849803282935000e+03
3.605150527230796342e+03
1.900636872522552949e+03
4.287095788163440375e+03
3.506073368843052322e+03
2.006577440069615250e+03
3.179448403633474300e+03
2.526271467113829203e+03
2.062666676920261125e+03
3.898494265507247746e+03
2.766725674382631041e+03
2.754036651707039255e+03
2.028381949437536377e+03
2.714749491446507363e+03
4.063073997000130930e+03
2.664280289175516828e+03
6.224605187105553341e+03
6.043471508946256108e+03
1.921201865670126381e+03
2.058915976744729960e+03
3.942948497579743162e+03
2.739329143280777316e+03
1.158281351877532643e+03
2.407993855817830536e+03
3.255122898146740226e+03
3.565696376142342160e+03
1.869426499869728559e+03
1.761831835334371362e+03
4.978142808006351515e+03
3.531477535984212409e+03
3.236794951175514143e+03
3.548296651056163682e+03
2.831587000641092800e+03
3.538827662550052537e+03
2.686332084857292102e+03
2.309185665999891626e+03
3.505069945248524164e+03
2.808025216227928468e+03
9.719247625269366836e+03
2.628636977754240434e+03
4.964122127276997162e+03
5.442629937956185131e+03
2.301447742861038932e+03
3.565333325707543736e+03
2.842431392150479496e+03
4.809124309354620891e+03
2.886310693982588418e+03
3.523959329972278738e+03
2.929698259883333776e+03
2.251943013685958704e+03
2.146213091156174414e+03
2.822797222717350905e+03
3.535935167388586706e+03
3.272261889638699358e+03
3.442873811624227983e+03
2.434747414498284797e+03
2.966927503676408378e+03
1.408850763794854629e+03
3.569015824486138627e+03
1.343215694919400448e+04
2.775291671441530980e+03
1.201860066541338711e+03
2.027991473681000571e+03
3.374854807403605264e+03
3.288171266606160771e+03
3.560766791106246274e+03
2.342477299381480861e+03
3.543596291461470628e+03
3.441751424677709110e+03
2.555433438517911327e+03
3.129438596334635804e+03
1.931692181682160935e+03
2.892596349544114219e+03
4.202975467952702274e+03
2.811919793386987294e+03
3.667733872327929930e+03
3.237908141432514185e+03
2.117157546465300584e+03
3.216265970283684965e+03
3.029814725370294582e+03
2.754285214233363149e+03
1.805427234309921005e+03
2.800431592335883124e+03
1.568463031749012544e+03
1.703739781975407595e+03
2.798402963899841325e+03
2.504936270535259155e+03
5.115350737180438955e+03
2.696161959519308766e+03
3.538253426867068356e+03
3.091318865641483171e+03
3.468615740604199800e+03
2.363253384438910871e+03
5.910594244904110383e+03
3.090918729257919040e+03
3.575569939504420290e+03
2.669193904449350157e+03
1.710958248660059553e+03
3.416013601465266220e+03
1.180795977871870718e+03
2.951130804419283777e+03
2.120784510307163600e+03
3.322051125252638485e+03
9.184544116069744632e+03
2.923093235000205823e+03
3.569015120652805763e+03
3.034406559634703626e+03
3.003888841055510511e+03
5.325181937454227409e+03
4.342783365783349836e+03
3.559650917156816377e+03
2.477628632667307556e+03
3.128246105170361261e+03
2.237879930896473525e+03
2.870325375616968358e+03
2.974065202522341224e+03
3.579063088038520618e+03
4.446996609968589837e+03
2.795083702431732490e+03
1.245431792776007796e+03
3.931362453181447108e+03
2.046514636746795986e+03
3.310023821801860777e+03
1.291317405449665785e+03
2.756488433174080456e+03
1.134241690572678090e+04
1.713365449997116684e+03
2.818336898238794220e+03
2.510157805279568038e+03
4.616047626959302761e+03
4.031590624073421623e+03
2.286993115208017116e+03
1.613380423708201533e+03
3.321535404789640779e+03
2.593232334757413355e+03
3.412972478783691713e+03
1.335414931932796435e+03
1.869474992156469852e+03
3.438931813326830707e+03
2.195540985053760323e+03
3.878622071998008323e+03
1.490401889479908505e+03
2.207090435758164404e+03
2.831727052271759749e+04
2.842435498627241486e+03
3.466826669013686569e+03
2.080567809246057095e+03
3.283177632845198332e+03
3.501166373223779374e+03
2.531550737965079406e+03
3.568054614574848983e+03
3.268474195980357308e+03
2.730094261578321493e+03
3.159467481481240611e+03
3.205879310420091315e+03
2.010213583027691129e+03
2.764709848339449309e+03
2.612435058902792207e+03
2.760045687552080381e+03
3.541319651600315410e+03
2.969762450821127914e+03
5.820501152399828243e+03
2.469798657131005712e+03
2.797857668112046213e+03
3.560284271410223937e+03
3.130771444952047659e+03
3.133263102609736507e+03
1.460642363773036323e+03
2.754179106500359012e+03
2.397920810123458523e+03
3.343874422260701976e+04
2.513703057484446617e+03
4.254163443236966486e+03
3.420685107450555734e+03
2.605636442016095771e+03
3.124578810363569119e+03
3.678713119115730478e+03
4.236473566299161575e+03
1.988481698948333360e+03
2.601986939241351138e+03
2.590086026593987299e+03
1.395005472630428812e+03
3.256533778934846850e+03
3.844742674609862661e+03
2.710978036025761412e+03
3.518971920786345891e+03
3.322757303765311917e+03
2.696018082966766087e+03
1.904107887115316316e+03
3.476817658646928066e+03
3.841660825811350605e+03
3.438021262129649585e+03
1.246543729764824093e+03
2.209864359656462966e+03
1.550668017130888529e+03
3.190527852602338498e+03
3.536908524713684074e+03
1.762015482464603565e+03
3.653855765516450447e+03
3.154223352297425208e+03
3.445192311035665625e+03
7.569842408800725934e+03
1.626467014444535607e+03
4.541851267133628426e+03
1.835827334019216551e+03
2.739831880230150091e+03
3.804368579942515225e+03
4.639092992444873744e+03
3.030805235164186342e+03
3.246924524885800565e+03
3.474999476717125617e+03
3.591455345036744347e+03
1.814315434305076678e+03
3.568364219413224419e+03
2.966518308640019768e+03
2.887596373376394240e+03
2.818867001784851254e+03
3.038043502574783361e+03
6.002800905193262224e+03
3.136179027411339575e+03
6.281867111965147160e+03
2.071004238441874350e+03
3.498466812390217910e+03
3.568656048236188326e+03
3.425983602772689210e+03
3.276485813418562429e+03
3.177001963197402802e+03
3.920588079802928860e+03
3.568944741517401781e+03
1.817976997498578385e+03
3.771096968646024834e+03
2.793672253372164050e+03
2.341848298512702058e+03
4.037466798145307166e+03
2.839733206440100275e+03
3.568076947218085934e+03
2.374085108958076944e+03
1.155304436854793721e+03
3.002913576589247896e+03
1.711042698397113327e+03
3.534811732292517718e+03
2.415019873429365816e+03
2.869627575412799615e+03
1.643919872053967538e+03
2.448243932604885231e+03
3.557106474389824598e+03
1.950580272049988253e+03
3.363920484393793686e+03
4.805612004380633152e+03
3.427268679678077206e+03
3.568502519935634155e+03
1.754193334452111230e+03
2.331845667891426274e+03
4.420773444804724932e+03
3.485545859261732403e+03
3.348105453455453699e+03
3.397106310235921683e+03
2.794009927635393524e+03
1.409797622833852529e+03
3.558879836681079723e+03
3.425227245907167344e+03
2.944726717344673034e+03
4.514566035630544320e+03
2.592658825355575118e+03
2.471762315032586685e+03
4.079638746050562986e+03
3.564881321595487407e+03
3.052715198194078766e+03
1.857263418754789654e+03
2.205571761153865282e+03
3.382280776301017340e+03
2.719749593885718696e+03
3.632890303247631891e+03
6.166378086456466008e+03
3.567512031982527787e+03
2.700801880814401557e+03
3.561192252384864332e+03
2.633821471905817816e+03
2.016770578051207394e+03
1.343165033696371893e+03
2.721460216996391409e+03
4.586301019777602960e+03
2.291490162776088255e+03
2.173550543137064324e+03
7.326771024249791481e+03
1.291524634025169007e+03
3.559640716899392373e+03
2.551330589408306878e+03
1.367875463141487216e+03
4.819024842100710885e+03
1.897752298821692875e+03
3.145027241716500612e+03
2.408576911921625197e+03
1.527169302418024927e+03
1.441019169611742427e+03
1.786020058917086317e+03
1.560918869523480225e+03
3.540809036195308181e+03
2.977540701331075070e+03
2.610982417615060513e+03
2.804684862357564725e+03
5.259566459729775488e+03
4.581424751523656596e+03
3.486388697120665711e+03
4.257096117044497987e+03
2.546420898360106548e+03
2.709802426767403631e+03
3.291844715854878814e+03
3.313859664196322228e+03
2.967607324226349647e+03
2.759421684202565302e+03
1.143798677514731935e+04
3.568971017477187615e+03
2.847331059617921710e+03
3.502770945694987404e+03
2.394138577505810645e+03
1.710748336837427814e+03
2.636433734203318181e+03
2.765322982007402061e+03
1.237957040823990610e+03
3.568892306540433765e+03
2.654120965610465191e+03
3.214625640763063984e+03
1.574931122606488998e+03
2.049460149223928056e+03
4.338257330250634368e+03
3.280499813573959727e+03
6.177861754031251621e+03
2.934927855534694754e+04
2.686475822765163684e+03
2.485312823610221130e+03
3.888165450560450608e+03
2.858480094311542416e+04
3.326963327029601714e+03
3.564157544918650274e+03
3.557265379940673483e+03
2.644077300493942403e+03
3.199897583870548715e+03
3.594766337200596354e+03
3.441977591871488585e+03
1.267413643198366117e+03
2.594156142174751949e+03
1.919326903549998406e+03
2.270363847223242374e+03
4.623944174862074760e+03
1.364306525716343231e+03
2.222972892896996655e+03
2.517264677065310025e+03
3.298942948887973671e+03
3.101002300096223280e+03
2.217361379349611525e+03
2.004770304371617840e+03
2.283839222580011665e+03
3.020998583711861102e+03
2.399350936049692336e+03
6.086192181116026404e+03
2.921708270812746832e+03
1.491555095519296856e+03
3.505405042225418583e+03
2.572406490655906964e+03
3.376794182882310452e+03
2.426163235791971147e+03
3.191392567514628354e+03
3.550624990377110407e+03
5.218863980010304658e+03
2.366594241368156872e+03
2.589078283844775797e+03
2.922741679052276595e+03
5.183292261950880857e+03
4.544912846451072255e+03
1.658600555775020439e+03
1.862751268713599075e+03
3.003041585486423173e+03
1.742685195716126373e+03
2.618216622276398994e+03
1.936579272959165337e+03
3.340678291500694741e+03
6.150451150700645485e+03
2.189802688568017402e+04
2.694990608564081867e+03
3.258327370720452109e+03
3.862367553970726476e+03
1.795123731076863805e+03
3.444493804520558115e+03
2.780310194676381798e+03
2.172161876195274090e+03
2.764764034118945347e+03
1.585639129819156324e+03
3.454436717933723685e+03
2.338637402231625401e+03
2.522630617458547476e+03
1.812287848703072314e+03
3.968812311253445841e+03
2.997751727646354993e+03
3.194781206969435061e+03
3.188220712937827557e+03
2.784526118782117464e+03
2.119719140250856526e+03
3.524901758041317407e+03
1.840261905119237099e+03
1.729159969052575207e+03
3.478078363650847223e+03
2.182313731766259934e+03
2.509045997423466815e+03
2.950962245840025389e+03
2.884319842902876644e+03
3.475668393132096298e+03
3.313433430867082734e+03
3.358216929874810830e+03
3.483984727129145995e+03
2.466555191971179738e+03
2.554068365430299309e+03
2.855092393941525188e+03
2.511077316034785326e+03
1.092321817218471915e+04
3.568835777280677121e+03
2.006511899404601536e+03
1.166426264070930074e+03
1.399366186347141365e+03
2.309078532267802530e+03
1.779948111133524662e+03
3.099086035112938589e+03
3.883676314411662133e+03
3.514979578634146947e+03
2.207560248021239204e+03
2.755960651313564085e+03
3.034686976283418062e+03
3.568385027318866833e+03
3.662701625597978818e+03
4.548827443867954571e+03
3.038129251128284523e+03
3.452534061525215748e+03
1.767934790577524382e+03
3.178161236799378912e+03
2.324920661395975912e+03
2.838941831442625244e+03
3.336439113619536329e+03
2.352858582578431196e+03
1.454032683819978047e+03
1.197082588763604690e+03
1.273694339425151838e+03
1.184692933132346070e+03
1.760926945679118489e+03
2.293239664875734888e+03
2.228160474445306590e+03
1.171684369412405977e+04
2.506783105783542851e+03
1.841954115817079355e+03
3.129623479422406945e+03
3.883207222947098217e+03
3.424036193903447383e+03
2.477103005889361157e+03
3.169202716997251173e+03
3.485176204374278313e+03
3.503859934791511478e+03
3.402452165787871309e+03
4.051849281711183721e+03
4.042102857149827287e+03
3.211087982022542747e+03
2.834161053377717053e+03
3.352333964487802859e+03
3.569025419492161745e+03
1.166812217857225960e+03
1.503994872825918173e+04
2.081494603584231754e+03
2.938148280894781692e+03
4.068852613371625466e+03
2.242012614259316706e+03
2.954995698953096507e+03
1.865739547770060426e+03
2.745213969978147361e+03
2.058199700246921111e+03
2.665561639522808491e+03
2.690513818061732309e+03
1.618422379819160597e+04
1.825354272236349789e+04
1.782325754785798381e+03
3.500979665812504663e+03
1.451511322975463600e+03
1.323623045349748281e+03
1.736365607806296566e+03
6.745677782568280236e+03
5.851167649025518585e+03
2.125186891517235836e+03
1.993912574567774982e+03
2.296878392618625639e+03
3.054155519471011758e+03
3.188879080541149506e+03
2.229515351474637100e+03
3.537051107497064095e+03
2.517217280754219246e+03
4.979632748309054477e+03
3.383266157577288141e+03
2.850856915586061859e+03
3.561806873315882058e+03
3.569022254272250848e+03
2.460031245396589384e+03
2.602371678235554100e+03
