1.689120115415253861e-03
1.915892592859418770e-04
1.683131358083357490e-03
2.083495515513601303e-03
9.236413059011711058e-03
2.122344378146256191e-04
6.175282155681516543e-04
6.017448048400050572e-04
3.797109208686698878e+00
9.845858510904427572e-04
1.034435941993140477e-02
9.952602949775924204e-03
3.079739313850501535e-04
2.351041974978142820e-03
1.128934000463963916e-01
1.205616626675058266e-03
1.407912488489157177e+00
2.023706436130384093e-04
4.004251028391302532e-05
1.028748412837168502e-01
3.144262971717374372e-02
5.890979811884501487e+02
5.389881810226157012e-03
8.052842344378791095e-01
2.047968689820477833e-02
2.915529947538283637e-02
2.304993035642741335e-03
6.718876116321584671e-04
6.968770336053633496e-01
9.133595438114907195e-04
1.857124167174457365e-03
9.983308087468394272e-04
2.234123030187971665e-03
1.169050511547633066e-03
2.587744227170864249e-05
7.694278101316689988e-02
9.874118981050745720e-04
2.664430490212557796e-03
9.497447324719927061e-05
1.011913202865316146e-05
2.626270083170828399e-04
6.649713372066756549e-03
5.759997343462967828e-05
1.636819811367114796e-01
2.033824808085067496e-04
1.852126120189806079e-04
1.488473910444450276e-04
1.302217642481815637e-05
1.205210784602557018e-02
6.287144504372793596e-02
3.219285284721964870e-03
1.588561417205976308e-04
3.568129042868434025e-04
1.211414018127074345e-03
2.577060174677454185e+00
2.670273423702411832e-04
8.395615844261163085e-03
9.567806241371336427e-04
3.904161004459727577e-04
1.063244799100680456e-03
3.824047792859283965e-05
1.552596131298164019e-02
2.584279998736326587e-04
7.950898674745025124e-03
3.654725030587754767e-05
2.721419673899619696e+00
1.663235684427746624e-04
7.854636159826548780e-02
1.723364802708713533e-02
8.119218856483580993e+00
1.227192885973432852e-03
8.089518420801342091e-03
6.264910597612473450e-04
1.530731291119966911e-04
9.791407382985890199e-04
1.269302664198223261e-04
4.641072519637104676e+01
5.531279727057920843e-05
2.669719981802818384e-03
3.537384534763824123e-03
1.847518083591582474e-03
4.686621370401516939e-03
7.199142320691491546e-05
2.082543507281235749e-03
3.618563247205535869e-04
1.031442293937454791e+00
1.102120323541350144e-02
1.350583609102895188e+01
2.132206901917334181e-05
3.564372183951155528e-04
1.701420702594651820e-04
1.220032362786794465e-05
2.563824645065251894e-04
5.362637355142857790e-03
2.335956348474182217e-04
1.511518957405186053e-03
9.168680221489275417e-02
6.070799185050428960e-03
7.237845332587239562e-04
6.331137660077351421e-04
1.062008988039812862e-03
1.424026125045131967e-04
3.750079109201805497e-03
6.022029483125253269e-04
3.508725485340911943e-02
1.048181574658900612e-02
3.131318857106657472e-03
6.023835769123035829e-04
1.943740322804107183e-04
1.254788899685721319e-02
1.298419950422328387e-03
2.213475471958354301e-04
1.697461582864849907e-04
1.264716961426649324e-04
1.266634540734779858e-02
2.294867173485265184e-04
1.706036404251673119e-03
1.033725394498544604e-03
2.487568158991768433e-03
6.674889876437987979e-02
5.156545895056759837e-02
1.030604728797573141e-03
1.343754762142626376e-05
8.813058737594750168e-04
3.030744604519777698e-03
2.123796649869454968e-03
4.297447459013991125e-03
1.121384357264005606e-04
4.137173128597518117e-03
1.505277247205191824e-04
9.926928323563779730e-03
5.150623834324126070e-04
6.956577458546979280e-03
2.583000557979687339e-05
7.850038383713184862e-04
6.675024945802719017e-03
2.253967333192014456e-04
1.502848565499699529e-02
3.657432798095243062e-03
2.637354257421528712e-03
5.642483252808601314e-04
1.264753987627063869e-03
2.836171626870697890e-03
1.184143194303862627e-03
6.306997848318555110e-03
9.225217365212849728e-04
1.813201878510653021e-04
2.014332940282597144e-04
1.073931213991714432e-05
3.990391745379957768e-04
9.784820045574977448e-03
1.486803655048615953e-02
1.816441433539907715e-04
3.678363430649158161e+00
1.445370260569811896e-03
2.460327733994534249e-01
6.773746781835719190e-03
7.747986529849021538e-03
4.716476085595888902e-05
2.124341954355811089e-04
1.154644509891648712e-05
7.337729950208438275e-03
5.329193275979660863e-04
1.384535458646252680e-02
5.145629213393229607e-04
1.898581727304036321e-02
8.600720685295013836e-05
1.372484750215052015e-04
5.209882917756301392e-04
7.880510668915948098e-04
5.474381156538514308e-04
1.118096792083013782e-02
5.585416665329834333e-05
5.561179756692845831e-04
2.470966177939861244e-02
3.564921296008845774e-05
1.211733521015404103e+00
1.026115549754090637e+02
4.963687819127235082e-05
3.725918710285582784e-04
6.328553251170309377e-04
1.257588203870335652e-02
2.806234498362353887e-03
4.067009431525202626e-03
1.057315092618381532e-02
7.363957975711607127e-05
2.253757961476591382e-02
6.708223199339623938e-03
2.446627272137407490e-03
9.738007603820569846e-02
6.413642167691615582e-03
1.803669629088527513e-04
8.997991706778965754e-04
1.366306006841275450e-03
2.939862869072411633e-05
2.631775615830900694e+00
8.385707224748602273e-05
6.262027630554789677e-03
1.483320642700240678e-03
1.679066999754581991e-05
3.782877863024259879e-01
3.465109163594763675e-02
1.678132359866855647e-03
2.293995566060686125e-04
7.705472680132672127e-05
5.994274761498491824e-04
2.847344682204379818e-04
1.487958925546402703e-03
7.030898873910663482e+00
2.404371404942974317e-03
9.798653420425998406e-02
4.281878947961771827e-03
1.206003782129491143e-03
3.701798004174500917e-02
1.175678836760432307e-03
5.278502829990990020e-02
3.734046710091770195e-04
8.409436574214797786e-05
3.765485766505773796e-02
2.634500217821229492e-03
9.542150364560356146e-02
8.717681802823562531e-01
2.860151529927786005e-05
1.431447404272119441e-03
6.426443588706805092e-04
3.520907893020976814e-03
1.478723294101222559e-02
3.447833297209825410e-04
2.109173993414246041e-03
6.887767673885110409e-03
8.987840646507292612e-05
1.802573389601361958e-02
3.028827336795920575e-03
1.855232125262628040e+00
5.165201079016453227e-04
6.492210209234741995e-05
1.486041784888216064e-03
4.769580885046080168e-05
9.656614145446095421e+00
2.178831489339674680e-05
1.019687482969871238e-02
1.687954902212503031e-03
6.186820364751467521e-04
3.510367200322768081e-05
3.422335307511922484e-03
2.592194178204031314e-03
3.455274556700641680e-04
1.746166884880275549e-01
4.079047724982938516e-04
1.021702194357630234e-03
1.922798008633141596e-03
5.841926341380055543e-05
5.954964377726218450e-01
6.409966902186843042e-04
4.428327017570125851e-05
6.922034508103424655e-04
2.897331971047983293e-03
1.560199304040823078e-03
6.110719192597801989e-03
2.953361077638683375e-05
3.549027286316884977e-04
1.896645448996245320e-02
4.369975892372165321e-05
3.781147761462941292e-02
5.204755921720070205e-05
2.318581150703735022e-02
5.899852936059286424e-04
3.171848051370254520e-03
1.106990629004843055e-04
3.528961421052026769e-05
2.050312122015542841e-04
8.313182426017401818e-05
4.318503312401525559e-04
1.568011384871366562e-03
2.660803237217788161e-03
1.427301187188901796e-02
4.468555943012639253e-03
3.090005629226475446e-03
8.042784053241647073e-04
1.194655929618001480e-03
8.180604587542829450e-04
2.767159880009414236e-02
2.314617046131055452e-04
1.071764628707436311e-05
4.296894499727921257e-03
1.816352069209929048e-04
9.856135632165551053e-02
4.126080571491580473e-02
4.165456653320678587e-05
6.343903599148230995e-05
1.376685469113494683e-03
3.100876080708018200e-03
3.305627084948193554e-04
7.380119980333237420e-03
2.785182199727915392e-03
4.693858883352002194e-04
1.669938409629717098e-05
9.893657916493239085e-03
2.028999362745472954e-04
2.319613831361632197e-02
8.479897280818160304e-04
2.441909517406626578e-03
5.933499149589024219e-02
4.631256686761602015e-02
6.295307110558240283e-04
1.925613464156353011e-04
1.243111198132670035e-02
9.189323641464497731e-04
1.647964541548014520e-04
1.604571614218617548e-01
1.744622178099917607e-04
1.685208705788228978e-05
1.498154254402875402e-05
3.426237210094425743e-03
4.667414883577232151e-03
4.278511067276785412e-04
4.545943105963354399e-04
5.164043837044012984e-04
5.423857042911478001e-03
3.089885557291209957e-05
4.914458235793984775e-01
2.171428123636399553e-04
1.030304639215064963e+05
1.346955068224226231e-04
1.202328048644111906e-02
2.188181883053758406e-04
4.432801501287639918e-05
6.269369659879094059e-02
4.095995916445530072e-02
7.645269527743845262e-04
6.527693441487519496e-03
2.113210787340780595e-03
3.558314832547777168e-02
4.396890002423830971e-04
1.671360248439369110e-03
1.289502515882634884e-03
5.654997976662580386e-04
1.028787869564002089e-01
1.271003558570534052e-04
1.066740437509337456e-04
2.438917599425127238e-03
4.513571214013260315e-03
1.688616578406272899e-04
7.067483901896812280e-04
1.537103428537122340e+00
2.654550468935169003e-04
4.926112992645381543e-03
9.049087603920168144e-03
1.011291527526909408e-03
8.535555462921178282e-01
8.773862597897374299e-03
1.077138392897005349e-03
2.308227063471416859e-03
6.013064475454414810e-03
2.729307377297255331e-03
6.976467762352903113e-02
5.760281357366232435e-04
3.960533307423364565e-04
2.012639944377188036e-04
2.141525107843765722e-05
2.363806498233416648e-05
5.484072609873499177e-02
5.345825879692171767e-03
4.624778803323860953e-03
3.231067550000369260e-03
3.258925771160808144e-02
1.246600660225653497e-03
5.536897599241902279e-02
5.851526428297566806e-04
4.246002285309101176e-01
6.325240312401042737e-03
2.886670176789191936e-04
2.222350504812269350e-03
1.783462859361352893e-03
9.357533431648326747e-05
2.710192050018074041e-03
4.388851103128518674e-04
2.797008322530849587e-05
1.752675627527185753e+00
3.976108845435050859e-03
6.630247299445479747e-02
5.244497696897041684e-03
5.763656494437101969e-04
1.549953122452682073e-03
5.231256087208247668e-03
4.057148654020693357e+00
2.808150560278126120e-04
6.277042728009456229e-02
3.638994385859172787e-01
5.008902844486366225e-03
5.623242559734050738e-01
7.382961322900172046e-04
2.345441689778348771e+00
6.549054048350588624e-03
2.319843507946126574e-05
1.756662590238007304e-01
1.281821845398697923e-03
1.094030127893638130e-03
2.260843870164355729e-03
1.065280580270321206e-04
1.158851104296827706e-03
2.149600205866627686e-02
1.347280019613448285e-05
3.256716494736540358e-04
9.885991322250476486e-06
8.241355211722424436e-04
8.154572306931057515e-03
1.553855619523312158e-02
1.414023757532462122e+00
3.084084543711367553e-03
2.829441599553633334e-04
3.653746850592304307e-01
1.245072449211258488e-02
2.395194901806005534e-03
6.167143775530954490e-03
3.689466051582618311e-01
7.106591581726648399e-03
6.177665672259511666e-04
7.145255666739282370e-03
2.245761467930781804e-05
6.885416953693106147e-04
7.775953441662536133e-04
1.283721365877172347e-04
1.591299076333536279e-05
8.877835269270764964e-05
4.411234736403387043e-03
1.607359364043527833e-02
1.575720421577111381e+02
5.394421828326493055e-04
2.879529659565490361e-03
8.311814872922399511e-01
1.286427685738061801e-04
7.434160992409795388e-03
1.033358909319113603e-02
4.992795012088881694e-05
4.359915297569878084e-02
1.785648068537998984e-02
1.966310803832575064e-05
5.145268442299934892e-05
2.642083994560022269e-05
5.008565337221332651e-04
1.514458047288518797e-03
1.774997173383137221e-03
3.130025637177028300e-04
1.868395412525475363e-01
6.173513563350655452e-04
2.476802309813062053e-05
3.970025817620416756e-04
1.759762216869602139e-03
7.867595040955997288e-04
3.279387310070447760e-04
8.664760366806006442e-05
1.895406587449113139e-02
3.892985514440818406e+03
4.841876961562644886e-04
6.688812356267744615e-04
3.315801908171489565e-03
7.485302555527307417e-03
7.124110598560062530e-04
1.634475429386380851e-01
2.158128933738416924e-03
1.026072087771856024e-03
4.141671886875852686e-03
2.310999470132070854e+00
1.492340894526214892e-02
2.234535513255766261e-05
4.930115524596440178e-04
1.169353755824946613e-03
4.380889928526167962e-04
6.407228001484199971e-03
2.034096611396666102e-02
8.373511390963671308e-03
2.103851519349118462e+02
3.247692383976880722e-04
6.279226865421969062e-02
1.149004666406582865e-02
5.950144009587892205e-04
8.580326885186301961e-03
6.152175831544552144e-05
1.420086986076897310e-02
1.774785448921762472e-03
3.753150862610993722e-04
4.452084836541706815e-03
3.980156404125223188e-03
1.935981782753641285e-04
1.851682433576785588e-05
9.220881887939074264e-04
2.311182307847533656e-03
6.571499411675102431e-02
4.650690979811359926e-01
1.731811181552879268e-03
1.022447672438910916e-02
9.558994432744629972e-04
9.539633403635271527e-03
1.855640191405658556e-04
6.278203832041006835e-04
3.756716027357301542e-03
1.430126493102211998e-05
7.749858471293791413e-03
2.376504544322160031e-02
7.440266619234524184e-04
1.010084905177203443e-03
3.420088443690613017e-02
1.249000149866320852e-02
3.643155472300838222e-04
4.667572918105860474e-04
5.367137659850697642e-03
2.208209983453941587e-03
1.223439352674730233e-04
4.246097981856218726e-04
1.369200500728342540e-01
5.795017880276315779e-03
9.550263412763410997e+01
1.153126406661053246e-02
1.178452788569478216e+00
2.054835576069470365e-04
1.201643814521945186e-02
1.496122471433395087e-05
5.022939067790551521e-03
1.159732365991636644e-03
5.407922649519921040e-04
4.489319318498318639e-02
3.671670044640927555e-02
1.564906352300819901e-05
3.107510121141842611e-03
6.157528225954334022e-04
8.238777537130325106e-04
2.194650520292909870e-02
4.243477194626163766e-04
1.278600241642025459e+00
1.461204322411811785e-04
4.706892386385197122e-03
5.078174114890738819e-03
2.775570413227065945e-04
4.691576717038913958e-04
2.336858764213275638e-02
1.099444666145225381e-02
4.827747682715831747e-04
1.795017264009482125e-03
3.278983064552607688e-05
1.923136530764406912e-04
1.293348955924573810e-03
4.780911966876016716e-05
2.842687950447311471e-02
7.457283807167270837e-03
1.289665385356702387e+00
6.056058459833486840e-03
1.048576032056631524e+00
2.075043745819914447e-03
2.897680568091137634e-03
2.395458068381681116e+01
3.996099893480358628e-03
1.866270648849266558e-05
7.840520844762319252e-03
1.667251992953940609e-01
1.507065381969568962e-02
2.565860505176677502e-03
5.045174397902143018e-03
2.673310435264893385e+02
5.114493215644422036e-05
4.881812346226467765e-03
3.519552969414112254e-04
3.932695806446845008e-03
3.063623978482579377e-03
1.113874499143873852e-04
1.888727999076500496e-04
3.408252456924941529e-03
8.350837731054088474e-05
3.071185471663982866e-04
2.360822263258020165e-02
4.764618105294458786e-04
1.312768101281706727e-03
1.107275636076660463e+00
2.259322613411106221e-04
7.020774093521505452e-04
3.036789326076537541e-03
1.036729758287640961e-02
1.452130575144572333e-01
2.274023405015226096e-01
1.260502640356890407e-02
2.282133183086004031e-04
1.650369416320007359e-05
6.776285649144811853e-04
9.757269017882044696e-05
6.985839907642208552e-03
4.647042639944219677e-03
2.406068465526957481e-05
2.434690683355058075e-02
2.700258387077709489e-04
9.139935439733105037e-04
4.909107951224058949e-03
8.979500815977089568e-04
9.680451312443855367e-04
3.498207278787841097e-05
7.546020965720788348e-04
1.130453821920520373e-02
2.239385454866660297e-01
8.128776001739262264e-04
8.656489864351900451e-04
6.540440683630770712e-03
1.251830576940412998e+00
3.115618646100099106e-04
9.610246301007140026e-04
1.512738660935894833e-02
3.111945174873846816e-03
6.701877420154990245e-05
3.572203179775457465e-03
1.566456275293715808e-04
1.524044301605709814e-03
1.735397802803475241e-03
6.497193258401176563e-02
1.109530055447064756e-03
3.418789748112998727e-04
2.333546893250016091e-04
6.151352674811005894e-02
1.339948875806778376e-04
8.781285490072305655e-04
1.572925694383385076e-04
1.222046130096836498e-02
1.199093347184787030e-03
5.558635531837771877e-04
5.911086613908697173e-04
3.496181231307989717e-02
2.064151357413148303e-03
7.448402628213878288e-03
1.237233638012939507e-01
1.456691917531757197e-01
4.809208720034130772e-04
2.255244731864687324e+00
1.652678243816129363e-05
6.498977336967866770e-04
1.186575353006315697e-01
3.298930969025689166e-04
3.260733998102168549e-04
4.037047617404989752e-04
3.174360760703208526e-03
9.500235754702478783e-04
8.042954446208130936e-03
1.151907824924649493e-01
5.165572034067997774e-03
1.849983520304200255e-04
6.158786607590076567e-01
3.055029663689216553e-04
1.071285746805041743e-04
5.064124657222218576e-05
2.211161582351320494e-03
6.981327928938964712e-05
9.452587275745520743e-05
3.964556287713871005e-04
3.474869656275465508e-04
2.986470454300958147e-03
1.850682189200557673e-02
1.094885978097332596e-02
3.008186141874932417e-04
2.626703322575015182e-04
6.625092326930752229e+00
1.138837096687206025e-05
7.186140233462699756e-02
1.771136473725029993e-04
1.607228906128772339e+00
5.257597049119818594e-04
9.622945266639928389e-04
6.794221559756750094e-03
2.639444923634918887e-03
4.483229106041967233e-04
2.064989048131993764e-03
8.326834344810116195e-03
2.334138116441903367e-05
1.221305107819995801e-05
1.078130960796035240e-03
8.717595124303515147e-05
4.768783121848032061e-03
2.016451510465820868e-04
9.176031039490922976e-04
1.737594189791422073e-04
1.988023365698309529e-03
7.187565731089272597e-05
1.592022813337677290e-05
2.737802605478869200e-05
2.560926786001783029e+00
9.839355786473229194e-05
6.873107790821082926e-03
3.630140974787202226e-05
6.493435449404080990e-05
1.510211869019157434e-03
1.126817892273365446e-03
2.124824169981603728e+00
1.384382262013995835e+00
1.295894945707516503e-02
2.938883169230567267e-03
1.056707158406332801e-03
5.735100994054908403e-04
1.587670419426659763e+00
2.956744515958597327e-03
2.477784050950996263e-03
2.351963059066327234e-04
2.529075145617447381e-05
1.413923559670658747e+00
4.357709179159136178e-04
9.761049955291131296e-04
7.059855244953890531e-05
2.453174678059629604e-02
1.750155196427233389e-05
2.294216757269348234e-02
9.617618792888417390e-05
8.819285466953978581e-02
8.259043588877563666e-03
1.255127444896694984e-04
2.250285512162171053e-03
4.325870934549476215e-04
1.441038145833474157e-04
4.140028936289045364e-02
7.643030737330535479e-04
7.413074540328130511e-04
1.324644671139016741e-04
6.747364636510263169e-04
5.720974353903242327e-02
5.984665996086961084e-04
2.128176896085093528e+00
1.513244226583790430e+00
1.013382005725206125e-04
1.427866366152800754e-04
4.520246942923658584e-02
7.155901338760425195e-04
1.036936215097344193e-05
3.280106842630240078e-04
2.842100954643244411e-03
1.561248015163798492e-02
8.878605516610841642e-05
6.697973463733881939e-05
3.250199472950311974e-01
9.982804411422083538e-03
2.680964854978581512e-03
1.176426846444258122e-02
8.947647287492475118e-04
1.066431240616487995e-02
6.305980437204802619e-04
2.600967547543195065e-04
8.204419782955111456e-03
8.447245892284306265e-04
4.169055897049886283e+01
5.501295346875783969e-04
3.184321199598584284e-01
6.272305134349966949e-01
2.553956124136763065e-04
1.545665103248322972e-02
9.188992738919849780e-04
2.532474402984530859e-01
1.024321972273441574e-03
9.389450507763264300e-03
1.142324787467424935e-03
2.271882790230349768e-04
1.764936501123085834e-04
8.757215831387342268e-04
1.038191020206137918e-02
3.005229870488568267e-03
5.816938102129074958e-03
3.492070373282062058e-04
1.256272621139265574e-03
2.424919532596847094e-05
1.865099760635002824e-02
2.453608913627838888e+02
7.802661747574682078e-04
1.214607838424212098e-05
1.323369720617752177e-04
4.338295266933298207e-03
3.168726172724535810e-03
1.400482060254168958e-02
2.812912657898441007e-04
1.117942227489926790e-02
5.785869584749505669e-03
4.631722693009143895e-04
1.946350455949099776e-03
1.040649360744158684e-04
1.040518648161688859e-03
7.503339475177216167e-02
8.527769490241193491e-04
2.606420622728439218e-02
2.690387758388545787e-03
1.645379617992867799e-04
2.514977364332915671e-03
1.480830726398713352e-03
7.417506119149944828e-04
7.517479276799039615e-05
8.292649499977411930e-04
3.918322342346504595e-05
5.726612182782514829e-05
8.251880109656685057e-04
4.115168837050560803e-04
3.963292287876796771e-01
6.455068241315075131e-04
1.060661308661790987e-02
1.749246835730728636e-03
6.621604139924354773e-03
2.953552317614709295e-04
1.172315334011583721e+00
1.747314522466524933e-03
2.159224103109420173e-02
6.054729397767896109e-04
5.840297611465317769e-05
5.145065385124371511e-03
1.125923305035793236e-05
1.206372372369614570e-03
1.659883452606516899e-04
3.562360966450387259e-03
3.442554449630902980e+01
1.123389168166571625e-03
1.864471410018656364e-02
1.499042689426267503e-03
1.382874922284084906e-03
5.331275786658196125e-01
9.809491241989985733e-02
1.373451400829196582e-02
3.860512208148078389e-04
1.939769941291560147e-03
2.197325928459423303e-04
9.844082206188224573e-04
1.279613877416202168e-03
2.174767422728778044e-02
1.195750360544142049e-01
8.185648799041247460e-04
1.415855006649133944e-05
4.418073805563180884e-02
1.385092271773940415e-04
3.414858722794665048e-03
1.655978296176898538e-05
7.456913053547176802e-04
9.522587410260975105e+01
5.878636907988433319e-05
8.662311452562504628e-04
4.165756286794052216e-04
1.644030559234903044e-01
5.379800197145359619e-02
2.468312336248217813e-04
4.455420759057337359e-05
3.555845434329811885e-03
5.061406870285398282e-04
5.077319766524843875e-03
1.916817964301136345e-05
8.879713729738286470e-05
5.709093467915944860e-03
1.986563735332629315e-04
3.980069737068066965e-02
3.113845737665258263e-05
2.042086309077382643e-04
2.052712632550553826e+04
9.189085499079816368e-04
6.559177849355991158e-03
1.505445809479213210e-04
3.116074173122014047e-03
7.999042895295167474e-03
4.379674945332390559e-04
2.088322512602616005e-02
2.968069369992361664e-03
6.999366190574805857e-04
2.121938658026054081e-03
2.436271662485169857e-03
1.266485983853593133e-04
7.605985598526140545e-04
5.295258103774435178e-04
7.521019834229683045e-04
1.092502566011971897e-02
1.265482679649249705e-03
1.042054762062544437e+00
3.790455649646285743e-04
8.240959035741084963e-04
1.388518785323836387e-02
1.953739274977453911e-03
1.967648516291709698e-03
2.845848317398705108e-05
7.415613990445888868e-04
3.203630979434354755e-04
5.515177007350744680e+04
4.200461263263827140e-04
8.279678860253086858e-02
5.252125364169194649e-03
5.211208678588794040e-04
1.919709724710507229e-03
2.665158302346582603e-02
8.003058908181134856e-02
1.199954523239416541e-04
5.166663313010020839e-04
5.024122987280218522e-04
2.321535327351300287e-05
2.855055746401224687e-03
3.720795740806700364e-02
6.686931076582792533e-04
9.039993435813168179e-03
3.571311381642185926e-03
6.452859214421240988e-04
9.703073945999919831e-05
6.922773024351369132e-03
3.698022695247051711e-02
5.684680018280338296e-03
1.421320622594888247e-05
2.055636998969223703e-04
3.721159405126500035e-05
2.325870256503527033e-03
1.047469916370187895e-02
6.701256144676021921e-05
2.533919025101137937e-02
2.089843020216320020e-03
5.882056921854212847e-03
1.187240629463394725e+01
4.623107389521747157e-05
1.430207759785456778e-01
8.139336580206548929e-05
7.164530804392585861e-04
3.432714954169730631e-02
1.716532276458577200e-01
1.484736449964221437e-03
2.768414205493945068e-03
6.853783150447071912e-03
2.230760978390883623e-02
7.694850915836665497e-05
1.733414221641592021e-02
1.254949776129481208e-03
1.027611341235515861e-03
8.673530620493543307e-04
1.513660672788650101e-03
1.402280105868786153e+00
1.984087500462023215e-03
2.372064177488369729e+00
1.470716314597190696e-04
7.863228537221609096e-03
1.770573954144761403e-02
5.378185678109117206e-03
3.047448932817074362e-03
2.234033948049825996e-03
4.325031356606032912e-02
1.942587863004096443e-02
7.768974945955387315e-05
3.211314524669513226e-02
8.157662987677082684e-04
2.808757778067216284e-04
5.441968445936284232e-02
9.128270275262445827e-04
1.704853952597486233e-02
3.029565364577826601e-04
1.025603454573251747e-05
1.379344620170519118e-03
5.841638996298986227e-05
1.027746000499354592e-02
3.334510148843552123e-04
9.827065096578951713e-04
4.855033723892818355e-05
3.604090821550961598e-04
1.318918560836168305e-02
1.091396721850295884e-04
4.157626631472502964e-03
2.519218472735375580e-01
5.409537043863404948e-03
1.749610008265693739e-02
6.562660939870461948e-05
2.743478275592076110e-04
1.137783090798396152e-01
7.273612092886542688e-03
3.916201231598967665e-03
4.746637031939557501e-03
8.164348692690958286e-04
2.432125638818371060e-05
1.355983700410374332e-02
5.359877787340070615e-03
1.186806328988743468e-03
1.358560883357123328e-01
5.054589504512235548e-04
3.807904491671372862e-04
5.908672126536109598e-02
1.527496424566621332e-02
1.574423796897295906e-03
8.604450615017409211e-05
2.034703158003779017e-04
4.468131252741594332e-03
6.828391027817986691e-04
2.427984574744502730e-02
1.906553887916920376e+00
1.660267530786038379e-02
6.526742224400713596e-04
1.411411606095030156e-02
5.568979089559786180e-04
1.287203604334195210e-04
1.965929632842579265e-05
6.856351018983160425e-04
1.554825330151349272e-01
2.494658073005829213e-04
1.884736096098688063e-04
9.966419896084493857e+00
1.657132802188196962e-05
1.373214270272325732e-02
4.587392584502435200e-04
2.129414849726738292e-05
2.570180831795807475e-01
9.547109223017363386e-05
2.035061777795266463e-03
3.284588047576835661e-04
3.473583279253098622e-05
2.679803502151845086e-05
7.142512736924205364e-05
3.833692511658287443e-05
1.087017375621841114e-02
1.291164400898893970e-03
5.277181926874541457e-04
8.378851537039783831e-04
4.863346799087652217e-01
1.792087427140258427e-01
7.309346306243033088e-03
8.326415400205425255e-02
4.534914165059669082e-04
6.668211995460533508e-04
3.208274141321806796e-03
3.460911773781498186e-03
1.258473975793674999e-03
7.509731167168873971e-04
9.969639438250781893e+01
1.932535825842535138e-02
9.300420597607829756e-04
8.082130321066685261e-03
3.175370507647702688e-04
5.836964553081549107e-05
5.603411769932764878e-04
7.617232478860528960e-04
1.379551227158267950e-05
1.815454304429954535e-02
5.842503450661618676e-04
2.502322264759826876e-03
3.992124198194724926e-05
1.395144773447863174e-04
9.725176754032904824e-02
3.088352065094450601e-03
1.948301931745598514e+00
2.517864847287068915e+04
6.308133883461057405e-04
3.930525705311168879e-04
4.056141775968816199e-02
2.164963785688006465e+04
3.625316788131559970e-03
1.500749254327638643e-02
1.322082404117675726e-02
5.705450124759296792e-04
2.392439350417371879e-03
2.245949222086354030e-02
5.792106517884133138e-03
1.527101920853680310e-05
5.072408266537709910e-04
1.008575916490099360e-04
2.373181528447324831e-04
1.668532364009958913e-01
2.105140123494309302e-05
2.120825317647291944e-04
4.235621009479391842e-04
3.286727945881022083e-03
1.796836132966657005e-03
2.092684642656000068e-04
1.249516615583951592e-04
2.449994446795948264e-04
1.446609602067865574e-03
3.214380957277826966e-04
1.639522165214230442e+00
1.119464883287074695e-03
3.124637647617866060e-05
8.222575222641390763e-03
4.819825281204151240e-04
4.371622938577294365e-03
3.422625381435308463e-04
2.331909868216998794e-03
1.209085666623868627e-02
4.592177488313371470e-01
2.976796697343829360e-04
5.012241296906629236e-04
1.122391533504994449e-03
4.366521398180057134e-01
1.438471498708275564e-01
5.057696474916726395e-05
8.727210460086910467e-05
1.379807376560476199e-03
6.363257007910077742e-05
5.367842714497922255e-04
1.053573768542401707e-04
3.810136236036360587e-03
1.850169377428179329e+00
5.279214837050004462e+03
6.437107170776572643e-04
2.871643608717042162e-03
3.853608746181465261e-02
7.316328918938773201e-05
5.862303003220566307e-03
7.897875992600838493e-04
1.878472463821743933e-04
7.606978813363083616e-04
4.116871335221399225e-05
6.155119617455751153e-03
2.787640587716346701e-04
4.289156393675361647e-04
7.654070803098953293e-05
4.756496917581199552e-02
1.360838018831915259e-03
2.355779561421726936e-03
2.309857166226265621e-03
7.978847659718590803e-04
1.655610963476763066e-04
9.459118941276916520e-03
8.233705557998315593e-05
6.135596809127326768e-05
6.971398971079079306e-03
1.924714797186136768e-04
4.154932456089949081e-04
1.205852577761177971e-03
1.019252084759640067e-03
6.879010839381050416e-03
3.455749677897074993e-03
4.067985138690668849e-03
7.208328913756377812e-03
3.761809491816879938e-04
4.616925044603631683e-04
9.480047867977883921e-04
4.174729566339401986e-04
7.760691384875312337e+01
1.802308394944467443e-02
1.254923556290893794e-04
1.068454393929537074e-05
2.353699154902874562e-05
2.600311020523954830e-04
7.028584379996422233e-05
1.787291001466804205e-03
4.020187765762477800e-02
8.781103064176365783e-03
2.044375431356043030e-04
7.447452421308183241e-04
1.500163648610122530e-03
1.735725582319573579e-02
2.579908377546204223e-02
1.703889965702946319e-01
1.514007408551966720e-03
6.097079574536225927e-03
6.807811362892826883e-05
2.241715622111622227e-03
2.699145970598131072e-04
9.110545761826673418e-04
3.751530777300090928e-03
2.882353606340425610e-04
2.788996581422689352e-05
1.194019578133204654e-05
1.560149900484076641e-05
1.141926616929941564e-05
6.681818911660358546e-05
2.504980014244004055e-04
2.147157176885517425e-04
1.137996033058166887e+02
4.132990109585286281e-04
8.269968092465210122e-05
1.947373244966022366e-03
4.016448261137330056e-02
5.331262145758867456e-03
3.855768975392754282e-04
2.183241665677607916e-03
7.258048605588736726e-03
8.139569093963947011e-03
4.854005431625575337e-03
5.597034693724027565e-02
5.491499456994055478e-02
2.475320020236164344e-03
9.004285500497790458e-04
3.978603913203787590e-03
1.877651158678228863e-02
1.069966665173736046e-05
4.750443288292756279e+02
1.508850980264819677e-04
1.167091902402250672e-03
5.785796839491810784e-02
2.218991711180611653e-04
1.218363030673130136e-03
8.794701825866753061e-05
7.257623092688282335e-04
1.425363453882765377e-04
6.002853841987954887e-04
6.368950921159178191e-04
7.389752707668235416e+02
1.564927355356885073e+03
7.073007027890561521e-05
7.989491622357194900e-03
2.767558491206959317e-05
1.844012825587409095e-05
6.255994936121162810e-05
6.435419910428132440e+00
1.084828233497619143e+00
1.677646638344941986e-04
1.216278884797874967e-04
2.526579476046732675e-04
1.580548328464232355e-03
2.314411742906289163e-03
2.154085106451577452e-04
1.048847672965142093e-02
4.235151170182166903e-04
3.257272302094269545e-01
4.485821719381944718e-03
9.381543848071154969e-04
1.427895361284742259e-02
1.872146981296104323e-02
3.704843514019040204e-04
5.171340709092279650e-04
