1.623252451619977332e+00 3.812714364357681518e+00 2.981576978883339279e+00 2.474902239948739258e+00
7.928708336812586577e-01 7.927791772775700796e-01 4.207177262391579298e-01 3.491469353944753884e+00
2.484237044624193480e+00 2.890675795624972899e+00 2.782210783240492979e-01 3.885657438215578630e+00
3.363282035041602835e+00 1.006888620577449434e+00 8.909348753869823501e-01 8.969371374430485933e-01
1.356120523246243215e+00 2.194074440202503862e+00 1.841391070840039834e+00 1.306670732752559072e+00
2.525040999945042053e+00 7.300766704777590377e-01 1.310149664433828853e+00 1.592175004516028336e+00
1.933065940024736307e+00 3.183668653293451722e+00 9.587603722017670194e-01 2.154090865971724167e+00
2.451175361675761444e+00 3.765115683359913645e-01 2.508670437225466010e+00 8.479916700117078321e-01
4.471960533440621499e-01 3.805765041562666262e+00 3.869401725683325743e+00 3.271909922842552554e+00
1.357532322858808538e+00 5.711540332242586171e-01 2.800085500746196221e+00 1.872579476210484817e+00
6.637452924101594487e-01 2.081672258422826882e+00 3.306763802378299144e-01 3.655417527899371688e+00
1.183363930080064241e+00 2.717584680545131359e+00 1.384502089139761472e+00 2.176258480475681267e+00
2.277499061504462574e+00 9.024469309970026831e-01 3.884421585505322572e+00 3.145504728772235303e+00
3.770095977943918708e+00 3.600343931625065608e+00 2.472019919482123740e+00 3.703122093087844124e+00
5.362715077972941558e-01 9.447348771927517319e-01 3.718636978600446952e-01 1.436255256900404342e+00
1.676973700820031610e+00 1.231126320740804303e+00 3.349202534777331319e+00 1.555662641435639149e+00
1.267551136812046897e+00 2.262245116001344147e+00 7.355120549040981004e-01 3.248348526865350916e+00
4.832924459831291486e-01 3.950170359081965898e+00 3.134530123327298412e+00 9.551195898298550091e-01
2.209840450696891334e-01 3.298753428128369691e+00 2.886057906620945079e+00 2.970227238555751992e+00
3.130827317406593924e+00 4.813696765895433827e-01 1.562169768468235853e+00 6.403024261954928242e-01
3.479793018327255627e+00 2.568532881944720181e+00 1.457412494440066819e+00 4.415217310868898015e-01
1.381732822519516235e+00 1.435696623701638641e+00 2.972503477684643514e+00 2.622718391149809758e+00
3.571408421790041032e+00 1.994416715615407121e+00 6.544581345655464677e-01 2.910330191447381143e+00
3.090983184744210188e+00 2.332853350764085842e+00 3.129675283827331622e+00 2.076423266184684646e+00
2.186384751651577307e+00 1.824655869762488392e+00 2.965926816275616940e-01 6.099874225745569589e-01
3.194309056095901433e-01 2.618359562802365481e+00 1.394552728090041160e+00 2.132568626425870306e+00
3.648752600919153544e+00 1.147310470765724677e+00 1.759455107535392804e+00 3.071094326463585045e+00
1.069433028868165270e+00 4.925236573494133907e-01 1.301055521072318477e+00 8.126408915652167941e-01
3.732851078901777697e+00 3.270857442344784261e+00 2.606934274739609148e+00 3.511550242713327386e+00
3.253953892216634891e+00 9.089662237669362543e-01 3.591724194261915581e+00 2.249500519279473032e+00
3.268272589623437696e+00 3.605146939709274356e+00 1.408413204893082638e+00 6.181973132051716835e-01
1.066153617659378439e+00 1.823009596779773922e+00 3.308456110505473724e+00 3.470776216374105161e+00
2.264180960185246949e-01 2.140839749794749558e+00 1.786161811965359947e+00 1.044009679788775014e+00
6.554883958679946776e-01 1.482937651333786189e+00 3.783056874867572805e+00 1.428171141678869827e+00
2.171404362624790974e+00 2.871472043801675866e+00 1.581792489041317085e+00 3.892771914339650419e+00
3.857299720780022589e+00 1.156772724136383657e+00 2.089544322391064579e+00 1.343337577303724606e+00
1.282393878634376927e+00 3.401703999472246442e-01 2.516344469123608096e+00 2.110180288269673632e+00
3.956192547499595147e-01 1.258856564099123387e+00 3.651410366673284003e+00 1.110335184534495090e+00
7.506005139466478404e-01 2.059920489054739345e+00 3.945471725620282477e+00 1.119810031743701639e+00
2.754115080142338634e+00 3.094154538249126674e+00 1.103022667171118743e+00 2.967222124725066301e+00
1.597575904333162100e+00 2.602762156255602033e+00 2.607412900891399765e+00 2.235943799484082284e+00
5.431011262067515499e-01 3.374149483239104352e+00 1.418964246892596037e+00 9.087703395194459688e-01
3.549455379081029038e-01 2.445393184115319141e+00 2.774744575000673397e+00 2.630337499258533773e-01
2.145953621537267875e+00 1.060683945752164181e+00 2.651656603555909708e+00 8.625924302189673654e-01
2.825563404789370736e+00 1.669594315942042106e+00 3.759573957199591199e+00 7.225795877547742663e-01
1.496052133990982247e+00 6.311993807142384227e-01 3.713835749458538782e+00 3.533889542847727938e+00
1.180178185317591222e+00 2.707939374929880572e+00 3.305444360764620004e+00 2.309763084077956830e+00
2.212672197752824754e+00 1.119038705421716351e+00 5.537905176624169368e-01 3.609419880222641819e+00
3.621588617220655948e+00 2.605785537638418248e+00 1.488313205985062559e+00 1.526996383528111290e+00
2.958631579706909598e+00 3.609018987819792912e+00 3.570928412207445835e+00 3.163527074258970728e+00
2.639720255386293513e+00 5.197318669811855640e-01 8.141891135595322737e-01 3.614505916402900976e+00
2.504430426706441892e+00 2.349487961431926675e-01 5.855918628909220214e-01 2.721306722610612017e+00
2.192340186156310211e-01 8.110705953864949525e-01 2.285188399593027331e+00 2.829201751232234496e+00
2.677452786109882243e+00 1.052223375950127160e+00 2.906281041120636122e+00 1.101546532487840180e+00
1.436518853005217311e+00 3.036667339448491987e+00 2.668605016379415940e+00 3.427048959877876388e+00
2.698928990741304990e+00 2.359572692674792194e+00 5.559641177467513629e-01 1.597320051625847226e+00
1.207768997190556526e+00 1.127160644840517589e+00 3.897440108059293085e+00 1.693771353733689367e+00
3.589776909673030314e+00 2.598326778789599167e+00 3.220282953458263986e+00 2.110020953799729870e+00
2.392234761580164903e+00 2.071567236511682619e+00 9.419233536325690714e-01 2.945318037993720495e+00
1.266934977275251839e+00 2.924006724395246115e-01 2.652794724447237851e+00 8.730205817467859841e-01
3.773742620541074455e+00 3.824928592609832201e+00 3.676484682837704465e+00 1.606603060970688501e+00
2.587351428096962280e-01 3.727610537833356386e+00 1.827099763605794402e+00 3.873288312365944286e+00
3.861755912939160762e+00 3.441435930775968099e+00 1.318905789864425415e+00 1.663371368687315943e+00
3.434319351764056449e+00 1.404303619593854968e+00 8.440724374071515435e-01 2.315844797341730654e+00
3.757388141810967586e+00 2.844913227364897601e+00 2.366232446339586737e+00 5.692706763289203664e-01
2.537027461456844879e+00 3.962204630396200411e+00 7.323192578987913759e-01 2.169652678982199490e+00
3.534017673326230735e+00 3.014920747465976714e+00 2.848659815782018434e+00 2.869439519151015361e+00
1.566066374635069591e+00 1.315649008205074688e+00 3.275572390818351831e+00 3.278430899780886865e+00
3.494874810604394089e+00 3.670314099714591105e+00 2.143101115671563583e+00 2.105761919811358407e+00
3.233521680073745408e+00 2.669862936955507582e+00 2.867474133579272610e+00 3.224012143857184043e+00
3.582020298906751776e+00 1.484381596035835971e+00 1.627215220031787091e+00 5.571313713953021107e-01
2.397464535785461148e+00 3.365806404276199260e-01 1.969272468903348505e+00 2.262049611888791389e+00
1.288856758087480570e+00 2.445166390162241132e+00 3.159009497683878398e-01 3.419231172470147961e-01
3.325882130506701451e+00 1.568724437362798874e+00 6.828299480771622409e-01 2.184524388208256784e+00
3.125975501774721277e+00 1.020119904488004048e+00 2.566983808112201171e+00 5.243203669763183417e-01
3.963905404407092603e-01 2.219147599958962491e+00 2.254413462118404876e+00 2.622233625693184855e+00
2.959147068146113835e+00 3.908237901957631433e+00 2.161941323544541937e+00 1.427234597176734621e+00
3.221707540121073965e+00 1.229162554795881990e+00 1.868091398681417159e+00 4.981342491006106599e-01
2.963328249787385293e-01 3.858063975776115040e+00 3.376724457946381985e+00 2.844701983156052272e+00
