2.468495492609999786e+00 3.815440175340000195e+01 1.061612546719999955e+04
4.005926447359999809e-01 2.268320437600000045e-02 3.660612507670000014e+03
6.223225206360000206e-01 7.804453745400000142e-02 4.006942119190000085e+03
1.223252579650000005e+00 1.834305778240000073e+00 6.196036090949999561e+03
3.947588455059999890e-01 2.202477915849999912e-02 3.655685829210000065e+03
8.184792313880000503e-01 2.638293862630000097e-01 4.799658310480000182e+03
8.101098490379999850e-01 2.511308221620000003e-01 4.759661663840000074e+03
3.687923286429999781e+00 1.865719633280000096e+02 1.379712101830000029e+04
1.323177917510000023e+00 2.641663607689999971e+00 6.447716671799999858e+03
6.712709563369999577e-01 1.063366283180000038e-01 4.163815954509999756e+03
1.495428534560000022e+00 4.598735377059999685e+00 7.040496053279999614e+03
3.259932683669999887e-01 1.525596912030000030e-02 3.585276062899999943e+03
5.839323232119999485e-01 6.154917140209999887e-02 3.907654423129999941e+03
1.424514488500000065e+00 3.697782979299999884e+00 6.773110656050000216e+03
1.070829391450000001e+00 9.737934335460000090e-01 5.825494828330000018e+03
6.522586395199999609e-01 9.425752369180000201e-02 4.098886583020000216e+03
8.320926145450000533e-01 2.856459407979999865e-01 4.864886439660000178e+03
1.528081435700000101e+00 5.062602808490000328e+00 7.170998658049999904e+03
1.778040402570000067e+00 9.794104741599999997e+00 8.202719892029999755e+03
8.525980629749999595e-01 3.213510647980000190e-01 4.962997068929999841e+03
9.383857901530000545e-01 5.126504222990000414e-01 5.353678399229999741e+03
9.797621493899999479e-01 6.326793017559999566e-01 5.520758167169999979e+03
2.664159281290000014e-01 1.033636412270000013e-02 3.484231363729999885e+03
9.507503613350000160e-01 5.464603626930000235e-01 5.405397949789999984e+03
6.570384308879999580e-01 9.715616334830000367e-02 4.114739259089999905e+03
1.473332602029999938e+00 4.302737037980000068e+00 6.954471203330000208e+03
7.068716884360000119e-01 1.332358189339999943e-01 4.298304023990000132e+03
6.220836450300000209e-01 7.792781896419999355e-02 4.006259746719999839e+03
7.684244388800000047e-01 1.954210377889999961e-01 4.564039732600000207e+03
1.060588489399999945e+00 9.296312837960000186e-01 5.795454437510000389e+03
1.686913375300000073e+00 7.809554685500000204e+00 7.829555706320000354e+03
6.066400772379999529e-01 7.077245705590000380e-02 3.963868598739999925e+03
7.954180273459999784e-01 2.301016220190000017e-01 4.689866837450000276e+03
8.507992725130000267e-01 3.180774212349999908e-01 4.954416718129999936e+03
1.090631092039999972e+00 1.063698577430000070e+00 5.880904442910000398e+03
2.250979466870000056e+00 2.623164894199999964e+01 9.925522865159999128e+03
5.232426797239999594e-01 4.308682384819999961e-02 3.791158854539999993e+03
9.980330047209999833e-01 6.921839074960000060e-01 5.588840000590000272e+03
1.210249449980000058e+00 1.744552269519999976e+00 6.166430788089999623e+03
5.729275464619999481e-01 5.758234373070000162e-02 3.882979807369999889e+03
6.273726263350000165e-01 8.055688385560000331e-02 4.021558795519999876e+03
1.169917375570000084e+00 1.486740915770000004e+00 6.075240922230000251e+03
1.088111772079999984e+00 1.051923318350000081e+00 5.874040133190000233e+03
1.712095881950000120e-01 3.968557566060000250e-03 3.187607835429999795e+03
6.670339622559999793e-01 1.035155210550000038e-01 4.148915443230000164e+03
4.266739986209999724e-01 2.586238752380000047e-02 3.682483769729999949e+03
6.064754114329999890e-01 7.070018508830000492e-02 3.963434868400000141e+03
1.257568754300000036e+00 2.087497363139999784e+00 6.276537753990000056e+03
3.844378559679999974e+00 2.195296555520000084e+02 1.414436524749999990e+04
7.373671663130000331e-01 1.613250898099999886e-01 4.425435649809999632e+03
8.726128939639999915e-01 3.596903297749999839e-01 5.057825951239999995e+03
3.565410482490000144e-01 1.807408596049999913e-02 3.620494795569999951e+03
1.698266512730000066e+00 8.039560399309999994e+00 7.876597499729999981e+03
1.225704789239999926e+00 1.851606329210000013e+00 6.201659476660000109e+03
8.757384435930000155e-01 3.660025670159999800e-01 5.072498340009999993e+03
7.929150320760000037e-01 2.266746571129999999e-01 4.678047959090000404e+03
5.672849073500000339e-01 5.566547089579999830e-02 3.870963192189999972e+03
4.525486733579999754e-01 2.949018492219999954e-02 3.705573296319999827e+03
7.956251324390000157e-01 2.303871757139999976e-01 4.690845879749999767e+03
7.252736849980000455e-01 1.495836955110000088e-01 4.373826166419999936e+03
7.096427209519999835e-01 1.355848527109999868e-01 4.309429883339999833e+03
1.009895707979999946e+00 7.331311126830000191e-01 5.631203362809999817e+03
7.547949559080000537e-01 1.797317760430000022e-01 4.502242603360000430e+03
1.692016170919999896e+00 7.912344113539999668e+00 7.850714265540000270e+03
1.314120818419999948e+00 2.559428694230000190e+00 6.422374163319999752e+03
1.514096387920000009e+00 4.860003064849999888e+00 7.114675630380000257e+03
3.206303759990000168e-01 1.478471078760000036e-02 3.578137241670000094e+03
9.059676811179999678e-01 4.318274948740000174e-01 5.211679522180000276e+03
7.857175056590000040e-01 2.170657031079999966e-01 4.644213073760000043e+03
4.447106223630000188e-01 2.833312821219999972e-02 3.698305940629999895e+03
1.362072377650000110e+00 3.016764793920000187e+00 6.563555639879999944e+03
1.453808878100000035e+00 4.052846281399999917e+00 6.880361064540000370e+03
6.306322188190000011e-01 8.222461612419999788e-02 4.031186336060000031e+03
8.188400164260000169e-01 2.643888383899999917e-01 4.801385038639999948e+03
5.995565151630000145e-01 6.773685915999999585e-02 3.945556910419999895e+03
1.713794154179999918e+00 8.361908694760000316e+00 7.940722237560000394e+03
7.912614092719999492e-01 2.244349338000000138e-01 4.670253912979999768e+03
3.590828291419999818e+00 1.680747263250000003e+02 1.357593100640000011e+04
7.186539081489999869e-01 1.434973210530000043e-01 4.346222511150000173e+03
1.747224847960000105e+00 9.087032158839999596e+00 8.077784249659999659e+03
2.459031585870000036e+00 3.756761328569999847e+01 1.058712296570000035e+04
1.205721208199999950e+00 1.714071458250000068e+00 6.156184085009999762e+03
6.384640385109999761e-01 8.638406327519999872e-02 4.054937295860000177e+03
8.948129376440000504e-01 4.065085946140000184e-01 5.160963999329999751e+03
3.119498663859999743e-01 1.403484613189999973e-02 3.565866263729999901e+03
6.131320235570000277e-01 7.368822786900000588e-02 3.981274962899999991e+03
8.265857514290000374e-01 2.766443361550000035e-01 4.838488464369999747e+03
1.411641518839999998e+00 3.549101006809999959e+00 6.727665909960000135e+03
1.947442933250000063e+00 1.439638940570000081e+01 8.860672074520000024e+03
3.091879921239999995e-01 1.379947440389999933e-02 3.561766000099999928e+03
3.233892638799999997e+00 1.115251633339999984e+02 1.272159538149999935e+04
7.185338272700000362e-01 1.433890839510000015e-01 4.345726203360000000e+03
1.173779180689999979e+00 1.510117416339999963e+00 6.084029285190000337e+03
1.333370101389999896e+00 2.736470864510000212e+00 6.476960904520000440e+03
1.167336686450000105e+00 1.471269960080000105e+00 6.069351010899999892e+03
1.104005594270000001e+00 1.127848379140000024e+00 5.916450699940000050e+03
2.991463028399999891e-01 1.295619503659999928e-02 3.546007856090000132e+03
4.074192174840000069e-01 2.347632236569999892e-02 3.666325358810000125e+03
2.699472699469999792e+00 5.461459767419999878e+01 1.129842139599999973e+04
1.282101104000000102e+00 2.283600477249999816e+00 6.337376089569999749e+03
2.529963516820000091e+00 4.212682775929999934e+01 1.080239014320000024e+04
1.174057458929999909e+00 1.511812385500000078e+00 6.084661500619999970e+03
6.885556469219999975e-01 1.186596167630000059e-01 4.227089891650000027e+03
7.384224459960000431e-01 1.623888523339999945e-01 4.430007930529999612e+03
1.455273041509999921e+00 4.071213983909999889e+00 6.885850620029999845e+03
5.945547864689999518e-01 6.568180523000000104e-02 3.933052592659999846e+03
1.677974613129999959e+00 7.631796794299999576e+00 7.792437107429999742e+03
2.084459372310000003e+00 1.911387458229999936e+01 9.357826096810000308e+03
6.378442987589999502e-01 8.604693193830000031e-02 4.053026058590000048e+03
6.129408385579999674e-01 7.360048401060000078e-02 3.980753795910000008e+03
6.241777168759999883e-01 7.895749136570000271e-02 4.012269387979999919e+03
2.311180652369999866e-01 7.734093281849999980e-03 3.396637760969999817e+03
6.822676157079999859e-01 1.140215509969999957e-01 4.203615502939999715e+03
8.414472166719999535e-01 3.015002803340000037e-01 4.909708525709999776e+03
1.577810328430000020e+00 5.832316054159999652e+00 7.375025900220000040e+03
1.478967800509999986e+00 4.376882249780000400e+00 6.976207646329999989e+03
7.400943599949999507e-01 1.640873493090000135e-01 4.437273633660000087e+03
1.037746233040000021e+00 8.366468613299999912e-01 5.724752554630000304e+03
3.503423477770000183e-01 1.748187280559999890e-02 3.614003469560000212e+03
1.763149841569999987e+00 9.447727027590000048e+00 8.142529402709999886e+03
2.805396550779999942e-01 1.144314508649999992e-02 3.512975694750000002e+03
1.930525346979999890e+00 1.387917637339999999e+01 8.797263218219999544e+03
5.481704182240000334e-01 4.971707779929999960e-02 3.833364036200000101e+03
1.027203939300000091e+00 7.962210151790000134e-01 5.690313626400000430e+03
1.394391715930000109e+00 3.356713159319999917e+00 6.668534237150000081e+03
1.008852464280000083e+00 7.294557794980000009e-01 5.627537192460000369e+03
7.694725565479999529e-01 1.966765504959999966e-01 4.568846980600000279e+03
9.444812231029999783e-01 5.291050655569999872e-01 5.379356596190000346e+03
1.597633113389999915e+00 6.161310294299999768e+00 7.457401385199999822e+03
9.387274121690000195e-01 5.135617964959999782e-01 5.355126705849999780e+03
1.135334517060000020e-01 1.384688516649999930e-03 2.897041941750000206e+03
4.246888263129999785e-01 2.560524876129999933e-02 3.680797089470000174e+03
6.655302858610000483e-01 1.025325394080000008e-01 4.143686229349999849e+03
6.225121504909999492e-01 7.813732868400000142e-02 4.007484395769999992e+03
3.724807186669999992e-01 1.965359876949999973e-02 3.636008974779999789e+03
2.700415974999999857e+00 5.469072971690000173e+01 1.130111385089999931e+04
9.393661258990000373e-01 5.152691841369999581e-01 5.357831642639999700e+03
2.180746162290000123e-01 6.837569566579999869e-03 3.357997278360000109e+03
2.012405461749999791e+00 1.651120371780000085e+01 9.099727268119999280e+03
3.871693351089999791e-01 2.119284725300000019e-02 3.649169334319999962e+03
1.168403819069999905e+00 1.477652721259999913e+00 6.071788306639999973e+03
3.370343898109999792e+00 1.311472100619999992e+02 1.305623941689999992e+04
2.129530491650000190e+00 2.088344345200000163e+01 9.515270543810000163e+03
7.446409792270000105e-01 1.687885542289999929e-01 4.457163619099999778e+03
3.758291537280000205e-01 1.999687185569999984e-02 3.639088666999999987e+03
7.871978843279999749e-01 2.190125887080000000e-01 4.651152628279999590e+03
9.649193233289999894e-01 5.873348781999999657e-01 5.462821994339999947e+03
9.759354547749999886e-01 6.207364476369999773e-01 5.506043736399999943e+03
9.714326213789999942e-01 6.069091667320000161e-01 5.488530568449999919e+03
1.118690020669999896e+00 1.201471105610000034e+00 5.953829098739999608e+03
3.294626769040000180e+00 1.199713406689999999e+02 1.287183497100000022e+04
7.485997939140000002e-01 1.729813102109999945e-01 4.474633842919999552e+03
1.971733635209999891e+00 1.516266662810000021e+01 8.950833089879999534e+03
1.564304305440000098e+00 5.615501805660000123e+00 7.319163887439999598e+03
3.536191921649999848e-01 1.779351027579999939e-02 3.617470913350000046e+03
3.068975473700000234e-01 1.360541945029999922e-02 3.558290779380000004e+03
4.905595237929999963e-01 3.599097867389999816e-02 3.746216079329999957e+03
3.960919021240000060e+00 2.467946838720000073e+02 1.439605252669999936e+04
3.584290665459999858e-01 1.825678158769999948e-02 3.622416279059999852e+03
1.447407260140000096e+00 3.973240611800000099e+00 6.856497360940000362e+03
8.734697042950000379e-01 3.614117905820000143e-01 5.061852421919999870e+03
1.335977279699999964e-01 2.148656986510000082e-03 3.010210838569999851e+03
1.106438902719999895e+00 1.139807209690000045e+00 5.922747944939999797e+03
8.178815823139999885e-01 2.629048500169999802e-01 4.796798328189999665e+03
8.503567640439999575e-01 3.172763440779999833e-01 4.952304835089999870e+03
1.036347051219999926e+00 8.311926748950000388e-01 5.720248938550000275e+03
6.009586367679999874e-01 6.832592791269999355e-02 3.949125313760000154e+03
1.024301607850000018e+00 7.853601554539999530e-01 5.680626046530000167e+03
8.018887070919999971e-01 2.391690020280000106e-01 4.720527005289999579e+03
2.135388545260000104e+00 2.112172372099999862e+01 9.535518285910000486e+03
1.038241123509999975e+00 8.385825697709999860e-01 5.726340603480000027e+03
2.369652633650000118e-01 8.148019381460000141e-03 3.412815397689999827e+03
1.752411673439999928e+00 9.203415076489999791e+00 8.098913027839999813e+03
8.635956530639999906e-01 3.419770343860000228e-01 5.015270154650000222e+03
5.114326453059999666e-01 4.033349453269999968e-02 3.773654265659999965e+03
1.053612534360000019e+00 9.004359671120000241e-01 5.774415995370000019e+03
2.499730569830000138e-01 9.093932285490000447e-03 3.446371317449999879e+03
4.110243792239999805e-01 2.390566918519999862e-02 3.669333026849999897e+03
7.810243819709999924e-01 2.109931244920000004e-01 4.622286293649999607e+03
6.391392050199999897e-01 8.675293289360000437e-02 4.057025676520000161e+03
1.013901675640000111e+00 7.473773241650000232e-01 5.645171701840000424e+03
3.367685803109999876e-01 1.622263822830000146e-02 3.598685092579999946e+03
2.190790928399999782e+00 2.347231203779999831e+01 9.724654430329999741e+03
1.078072891699999980e+00 1.005982123299999920e+00 5.846159417300000314e+03
9.567512593089999573e-01 5.634896194649999801e-01 5.429964836119999745e+03
1.134409226300000073e+00 1.284215672800000041e+00 5.992346693469999991e+03
2.899241390569999854e+00 7.251987427049999724e+01 1.185335972869999932e+04
8.460688510739999835e-01 3.096002332860000039e-01 4.931820700999999644e+03
8.413249873620000097e-01 3.012884805380000031e-01 4.909123336689999633e+03
4.531513601859999962e-01 2.958144175910000159e-02 3.706144514309999977e+03
5.819533192039999525e-01 6.081283132789999657e-02 3.903095154019999882e+03
3.688280511659999816e-01 1.928389915179999983e-02 3.632585401809999894e+03
3.035854429620000183e-01 1.332660514519999964e-02 3.553142475050000030e+03
5.913733264079999996e-01 6.441155848679999685e-02 3.925281208939999942e+03
5.324269910459999977e-01 4.539342144070000057e-02 3.805849780019999798e+03
2.013652157350000138e+00 1.655394701750000053e+01 9.104262702559999525e+03
6.430449169099999862e-01 8.891954735889999462e-02 4.069233519649999835e+03
7.884568096899999823e-01 2.206801806760000095e-01 4.657062325990000318e+03
5.769185797360000256e-01 5.898534247349999926e-02 3.891737832499999968e+03
6.498025057880000288e-01 9.280283251790000243e-02 4.090865002949999962e+03
1.157500768869999946e-01 1.461505218640000081e-03 2.910328412910000225e+03
3.456196410369999916e-01 1.703813074179999845e-02 3.608855461650000052e+03
2.571779511539999952e+00 4.499329578220000059e+01 1.092708798150000075e+04
8.408697391160000478e-01 3.005007150549999784e-01 4.906943625590000011e+03
1.597352267280000016e+00 6.156558489890000097e+00 7.456231882099999893e+03
1.789547469660000001e-01 4.400417212679999697e-03 3.219389352839999901e+03
1.377301050960000106e+00 3.173667879999999997e+00 6.612050818810000237e+03
1.188125099230000092e+00 1.599352935239999995e+00 6.116487905310000315e+03
1.239340362100000092e+00 1.950008496309999950e+00 6.233243260960000043e+03
7.283114681029999593e-01 1.524563742020000057e-01 4.386649868929999684e+03
1.122480295419999941e+00 1.221046190810000098e+00 5.963247611189999589e+03
5.654774236509999552e-01 5.506756470399999659e-02 3.867203755280000223e+03
2.900938135619999803e-01 1.221219974790000058e-02 3.530588718210000025e+03
7.845955586749999711e-01 2.156002676409999874e-01 4.638960919049999575e+03
6.826086438749999763e-01 1.142684650920000045e-01 4.204875410220000049e+03
8.564058218669999833e-01 3.283729115640000029e-01 4.981134696930000246e+03
7.298243483480000293e-01 1.539060168140000129e-01 4.393072107220000362e+03
9.033463723729999728e-01 4.257666542079999727e-01 5.199837652039999739e+03
8.783127665169999654e-01 3.712692185590000249e-01 5.084549426110000240e+03
3.979085591950000111e-01 2.237813478190000052e-02 3.658352660009999909e+03
1.294174904259999925e+00 2.384914516779999882e+00 6.368620908660000168e+03
3.648840395980000206e+00 1.789530241049999972e+02 1.370862687919999917e+04
9.357766590330000023e-01 5.057319438199999739e-01 5.342581689550000192e+03
1.184260290129999893e+00 1.574938027710000021e+00 6.107764358319999701e+03
7.871637744530000091e-01 2.189675592800000015e-01 4.650992612680000093e+03
1.204155714289999901e+00 1.703625838350000032e+00 6.152646721699999944e+03
1.040320826829999934e+00 8.467546979159999987e-01 5.732986359450000236e+03
1.929202238600000063e+00 1.383928887229999916e+01 8.792282624510000460e+03
1.286308512710000018e+00 2.318540912650000063e+00 6.348159115569999813e+03
2.991653624089999908e-01 1.295777747339999994e-02 3.546039074889999938e+03
6.045860057070000515e-01 6.987679197030000067e-02 3.958485640339999918e+03
4.393025467830000141e-01 2.756552211310000014e-02 3.693447646170000098e+03
9.185922650660000022e-01 4.619938172779999852e-01 5.268000251319999734e+03
4.783092499800000175e-01 3.371691001129999837e-02 3.731960723430000144e+03
4.914175900280000064e-01 3.615743232500000237e-02 3.747262618029999885e+03
1.258607601380000052e+00 2.095541420059999993e+00 6.279049508770000102e+03
1.010498937179999945e+00 7.352628060470000060e-01 5.633317855809999855e+03
1.592275890720000087e+00 6.071119974560000188e+00 7.435103107820000332e+03
1.253843613789999978e+00 2.058838955060000142e+00 6.267573085699999865e+03
4.266889072500000268e-01 2.586432902520000021e-02 3.682496466810000129e+03
7.844863991870000275e-01 2.154581504139999881e-01 4.638450249399999848e+03
2.338333943989999941e+00 3.063863752969999865e+01 1.020915999589999956e+04
9.984652492209999952e-01 6.936422431809999845e-01 5.590406738390000100e+03
1.596435365989999910e+00 6.141063157029999608e+00 7.452414108510000005e+03
3.972713975109999907e-01 2.230625509310000046e-02 3.657814601609999954e+03
1.375619851359999979e+00 3.156061883510000055e+00 6.606611225949999607e+03
1.602509358320000077e+00 6.244233786429999711e+00 7.477715653039999779e+03
4.413447363910000254e-01 2.785254783240000143e-02 3.695268738199999916e+03
8.250939382070000550e-01 2.742473501109999878e-01 4.831338779140000042e+03
3.973238180509999773e-01 2.231216106479999919e-02 3.657858894179999879e+03
1.070874910699999960e+00 9.739932302039999712e-01 5.825626169699999991e+03
1.121330418299999909e+00 1.215082509039999925e+00 5.960399567270000261e+03
1.305163861390000068e+00 2.479946987039999939e+00 6.397893332960000407e+03
1.567898553320000055e+00 5.672626425139999817e+00 7.334004303609999624e+03
2.481769163090000063e+00 3.898843834089999660e+01 1.065665511940000033e+04
4.192044731980000272e-01 2.490875192230000007e-02 3.676172365429999900e+03
9.157644970189999789e-01 4.550947493720000070e-01 5.255491512200000216e+03
1.929415126249999890e+00 1.384570126949999924e+01 8.793084210799999710e+03
1.371950321039999920e+00 3.117879820589999795e+00 6.594811974440000085e+03
1.441888252750000099e+00 3.905521794549999814e+00 6.836108895080000366e+03
1.649802179769999988e+00 7.090446250100000292e+00 7.675095234209999944e+03
1.190869147089999913e+00 1.616857200549999929e+00 6.122676832500000273e+03
3.633505803459999850e-01 1.873836629130000084e-02 3.627312358229999973e+03
4.982925893710000165e-01 3.752700643419999704e-02 3.755889753989999917e+03
5.431968131729999483e-01 4.829816266419999921e-02 3.824344365160000052e+03
1.426469030850000097e+00 3.720745194820000101e+00 6.780104762400000254e+03
6.692287948189999947e-01 1.049673898090000002e-01 4.156603673089999575e+03
2.031949884009999874e+00 1.719041959440000156e+01 9.170541577410000173e+03
2.040125344170000132e-01 5.915526726499999860e-03 3.312222730720000072e+03
7.522575041650000349e-01 1.769386855350000010e-01 4.490895750370000314e+03
5.942645317029999763e-01 6.556473942280000022e-02 3.932337722549999853e+03
6.513416452210000207e-01 9.371167995479999513e-02 4.095881829949999883e+03
1.505683014159999944e+00 4.740966799159999745e+00 7.081090455849999671e+03
1.091377092769999946e+00 1.067204493039999980e+00 5.882927160879999974e+03
7.624101564280000298e-01 1.883532615340000049e-01 4.536601438419999795e+03
5.319168605309999576e-01 4.526130380949999754e-02 3.805008146010000019e+03
8.423651378130000422e-01 3.030948319740000008e-01 4.914102625329999682e+03
2.440946648899999794e+00 3.646432964139999910e+01 1.053145343200000025e+04
5.297990092350000069e-01 4.471792192929999882e-02 3.801546631040000193e+03
6.275632142229999877e-01 8.065338998630000589e-02 4.022117544969999926e+03
7.709014504479999585e-01 1.983996865490000039e-01 4.575412385829999948e+03
4.754200186359999747e-01 3.320714114579999959e-02 3.728774966710000172e+03
6.512545776339999648e-01 9.366002263269999906e-02 4.095597145329999876e+03
6.480797253860000051e-01 9.179636554719999841e-02 4.085289088540000193e+03
1.075816586359999993e+00 9.958700060380000219e-01 5.839772953149999921e+03
9.977049640199999736e-01 6.910787246249999738e-01 5.587649604449999970e+03
2.643190491229999939e+00 5.020850018480000188e+01 1.113645349370000076e+04
1.082783311170000040e+00 1.027344448730000082e+00 5.859348580410000068e+03
6.880884155959999804e-01 1.183087254349999978e-01 4.225328019280000262e+03
1.600905148280000079e+00 6.216865571069999596e+00 7.471030858039999657e+03
7.321562265209999865e-01 1.561653857620000085e-01 4.403016796699999759e+03
4.323731490619999729e-01 2.661618006880000012e-02 3.687375373159999981e+03
8.172508547119999855e-01 2.619321262350000068e-01 4.793780594840000049e+03
6.032006114029999644e-01 6.927985872849999616e-02 3.954888737570000103e+03
8.839883465440000476e-01 3.830988232829999895e-01 5.111002766409999822e+03
5.920301557029999939e-01 6.467149222019999422e-02 3.926874080520000007e+03
4.173782563160000070e-01 2.468120102570000099e-02 3.674641193060000205e+03
8.263068829009999616e-01 2.761949234669999753e-01 4.837151869369999986e+03
3.653326648479999772e-01 1.893458049920000025e-02 3.629240836389999913e+03
7.667016495570000423e-01 1.933727852240000045e-01 4.556154193590000432e+03
1.101128769890000081e+00 1.113831885179999981e+00 5.908949582840000403e+03
1.190540819780000037e+00 1.614755363300000024e+00 6.121936464219999834e+03
2.310889745970000075e-01 7.732052060600000387e-03 3.396555534059999900e+03
4.742383077210000075e-01 3.300142253740000198e-02 3.727490165430000161e+03
8.663096493209999638e-01 3.472313415939999870e-01 5.028111241110000265e+03
5.979568328230000507e-01 6.707177946700000615e-02 3.941519503399999849e+03
1.058050299150000040e+00 9.189261700009999645e-01 5.787854600519999622e+03
4.795531069669999868e-01 3.393939238770000283e-02 3.733352107199999864e+03
7.383014132870000523e-01 1.622665215480000034e-01 4.429482983300000342e+03
5.756615611630000462e-01 5.853915675679999958e-02 3.888956133059999956e+03
8.406008869479999479e-01 3.000362987390000069e-01 4.905656263720000425e+03
1.565343328870000050e+00 5.631972765639999601e+00 7.323451876099999936e+03
9.373359380619999959e-01 5.098576458319999949e-01 5.349220833530000164e+03
1.713220149360000111e+00 8.349831294959999539e+00 7.938356556200000341e+03
9.030930156109999718e-01 4.251844998820000221e-01 5.198690549230000215e+03
9.389477954910000479e-01 5.141504114049999519e-01 5.356060449739999967e+03
4.666727552620000274e-01 3.172125337779999749e-02 3.719502448849999837e+03
1.491491562880000066e+00 4.544953973230000166e+00 7.025017652960000305e+03
6.064620124549999769e-01 7.069430788620000017e-02 3.963399592350000148e+03
5.180805721129999597e-01 4.185501223120000058e-02 3.783320908489999965e+03
3.770641082480000073e+00 2.034950419609999983e+02 1.398208180130000073e+04
5.687622267640000118e-01 5.615991514620000125e-02 3.874068161430000146e+03
7.396419538239999980e-01 1.636261548150000078e-01 4.435304987450000226e+03
4.736002978210000158e+00 5.009189096339999878e+02 1.593803403550000075e+04
1.316720539729999917e+00 2.582841890050000089e+00 6.429587301730000036e+03
1.290151937899999934e+00 2.350799080849999889e+00 6.358106594570000198e+03
3.673811829260000272e-01 1.913878479110000044e-02 3.631209413619999850e+03
6.105983871200000301e-01 7.253473383460000423e-02 3.974410506950000126e+03
4.109699115479999998e-01 2.389912634680000161e-02 3.669287590569999793e+03
7.676851813249999656e-01 1.945397771490000038e-01 4.560653530089999549e+03
8.074336087629999659e-01 2.471818801850000080e-01 4.746902379289999772e+03
8.679796073800000178e-01 3.504971939759999877e-01 5.035999084000000039e+03
1.849288913549999913e+00 1.157748579879999973e+01 8.485631443539999964e+03
1.616632405030000053e+00 6.488912408090000028e+00 7.536622645180000291e+03
1.345184588059999964e+00 2.849442136750000021e+00 6.511842791400000351e+03
8.367804622119999758e-01 2.935013972439999841e-01 4.887355278029999681e+03
1.602699711070000088e+00 6.247486966270000330e+00 7.478508963170000243e+03
2.137836158469999859e+00 2.122185491109999944e+01 9.543963794459999917e+03
2.958558965429999854e-01 1.268402017990000012e-02 3.540540999010000178e+03
7.405011893370000431e-01 1.645030951270000097e-01 4.439045593490000101e+03
1.894322119359999945e+00 1.281680143070000000e+01 8.659851013089999469e+03
1.867288824859999918e+00 1.206213499110000065e+01 8.555703410689999146e+03
6.357217052910000277e-01 8.490276587120000606e-02 4.046521496920000118e+03
1.405556090849999995e+00 3.480342315110000140e+00 6.706568890270000338e+03
1.095096779039999912e+00 1.084816608469999943e+00 5.892946543600000041e+03
6.106366452150000512e-01 7.255200255339999682e-02 3.974513482320000094e+03
7.166993709260000012e-01 1.417450523840000087e-01 4.338164111850000154e+03
4.333604947740000157e-01 2.674919450730000106e-02 3.688231433729999935e+03
9.668852307690000147e-01 5.931902068269999662e-01 5.470628081599999859e+03
8.174212577770000321e-01 2.621946243739999849e-01 4.794595836479999889e+03
5.234005115980000511e-01 4.312520225960000259e-02 3.791403177170000163e+03
6.427475388419999769e-01 8.875260248419999942e-02 4.068296417489999840e+03
7.940067469820000223e-01 2.281639031940000117e-01 4.683199817970000367e+03
6.994405135079999614e-01 1.271262061900000073e-01 4.268918811350000396e+03
2.073280038250000068e+00 1.869211049820000170e+01 9.318307994580000013e+03
5.352380456399999931e-01 4.613015051290000196e-02 3.810542722430000140e+03
1.476710121320000013e+00 4.347067173910000193e+00 6.967481645240000034e+03
7.333936791409999545e-01 1.573767434989999936e-01 4.408316375700000208e+03
5.156907261309999768e-01 4.129980849590000197e-02 3.779791321180000068e+03
1.310895208840000103e+00 2.530594456869999842e+00 6.413492246069999965e+03
1.863577592820000017e+00 1.196105364269999960e+01 8.541303295559999242e+03
1.125467795160000062e+00 1.236642991250000101e+00 5.970610305219999645e+03
7.762544454919999559e-01 2.049741055210000107e-01 4.600123280509999859e+03
8.877422861720000169e-01 3.910900975830000070e-01 5.128405812740000329e+03
1.524232437680000052e+00 5.006248866650000018e+00 7.155439674180000111e+03
1.429431612319999934e+00 3.755746259749999982e+00 6.790752018330000283e+03
5.362790566259999503e-01 4.640675941630000023e-02 3.812304493160000220e+03
6.359794713130000332e-01 8.504084916540000094e-02 4.047307986910000182e+03
4.719180777390000192e-01 3.260210712620000006e-02 3.724997418529999777e+03
6.574657677570000525e-01 9.741972977370000342e-02 4.116172091239999645e+03
1.870523936419999922e-01 4.870942928169999693e-03 3.251025847989999875e+03
4.639602168790000203e-01 3.127725206330000257e-02 3.716733473209999829e+03
8.414443715680000047e-01 3.014953489070000270e-01 4.909694904590000078e+03
1.189153468490000032e+00 1.605896361649999937e+00 6.118807639439999548e+03
5.905261392180000124e-01 6.407805698629999436e-02 3.923235577099999773e+03
2.619603976520000210e-01 9.994725034139999298e-03 3.474455116640000142e+03
1.572702381370000069e+00 5.749624471619999788e+00 7.353869056149999778e+03
1.133125430210000006e+00 1.277302466889999932e+00 5.989252082619999783e+03
1.416595636630000099e+00 3.605798694270000215e+00 6.745025903859999744e+03
1.133744782910000026e+00 1.280634179610000034e+00 5.990746096589999979e+03
9.578269291750000081e-01 5.665856878239999839e-01 5.434330552409999655e+03
6.876738737559999759e-01 1.179982524479999961e-01 4.223767184719999932e+03
4.553761409489999745e-01 2.992124275250000048e-02 3.708269723530000192e+03
5.015887421829999804e-01 3.820704000660000293e-02 3.760184356599999774e+03
4.066361707710000051e-01 2.338404893709999932e-02 3.665671688930000073e+03
7.241519378909999638e-01 1.485356838980000094e-01 4.369115396649999639e+03
3.100585751650000166e-01 1.387350363530000068e-02 3.563069012039999961e+03
6.186871291019999664e-01 7.628859626589999665e-02 3.996645310739999786e+03
1.263468028839999924e-01 1.854985697650000020e-03 2.971053452720000223e+03
7.136695728949999928e-01 1.390684905529999960e-01 4.325757257180000124e+03
1.948859987320000098e+00 1.444032210670000005e+01 8.865960323060000519e+03
1.776351678800000000e+00 9.754375366450000584e+00 8.195911258300000554e+03
1.405508663330000019e+00 3.479810254129999780e+00 6.706405466270000034e+03
1.274279977640000006e+00 2.219676411030000018e+00 6.317616236009999739e+03
6.954867755000000429e-01 1.239853673110000026e-01 4.253553131720000238e+03
4.843392973130000279e+00 5.482887351409999610e+02 1.613555017899999984e+04
1.028538014170000015e+00 8.012519003939999607e-01 5.694736522260000129e+03
6.531453126170000401e-01 9.478843738799999641e-02 4.101803192200000012e+03
1.150300750119999993e+00 1.372126189500000093e+00 6.030015231420000418e+03
6.424242613999999740e-01 8.857149042989999332e-02 4.067279121810000106e+03
9.314030908449999480e-01 4.943008451670000136e-01 5.323842756299999564e+03
4.520355112359999983e-01 2.941274755019999965e-02 3.705088403950000156e+03
1.678982964450000059e+00 7.651703052270000249e+00 7.796627575810000053e+03
1.567840733529999975e+00 5.671704191369999926e+00 7.333765412359999573e+03
7.422056502589999827e-01 1.662553822370000101e-01 4.446486198739999963e+03
8.970667691350000528e-01 4.115253209740000195e-01 5.171277673700000378e+03
3.157292217609999896e-01 1.435941317600000072e-02 3.571321385029999874e+03
5.659519138509999658e-01 5.522377822979999962e-02 3.868186467439999888e+03
1.987225294669999975e+00 1.566616679060000017e+01 9.007796787330000370e+03
4.543732402019999839e-01 2.976749043939999964e-02 3.707308434810000108e+03
1.211357907420000046e+00 1.752074190719999924e+00 6.168943016279999938e+03
7.420060385490000465e-01 1.660492933909999969e-01 4.445613428349999595e+03
7.277875811430000175e-01 1.519573385569999990e-01 4.384431455840000126e+03
8.553515584659999726e-01 3.264161801800000151e-01 4.976116599879999740e+03
7.204620794199999567e-01 1.451364261120000054e-01 4.353715106489999926e+03
2.877984195419999724e-01 1.202593001839999919e-02 3.526486031370000092e+03
2.744912876289999915e-01 1.096477341699999934e-02 3.501074295920000168e+03
3.958273255190000173e-01 2.214409761539999980e-02 3.656592543889999888e+03
1.232571507609999895e+00 1.900691540680000013e+00 6.217492607060000410e+03
8.673866402000000031e-01 3.493346854719999728e-01 5.033199488389999715e+03
9.447909736320000418e-01 5.299522323149999936e-01 5.380652138600000399e+03
3.768483317269999966e-01 2.010221142719999937e-02 3.640015687940000134e+03
1.048852667090000024e+00 8.809214001259999538e-01 5.759785075210000286e+03
6.160098493040000456e-01 7.502300064280000014e-02 3.989182712299999821e+03
4.160056906660000164e-01 2.451156827090000129e-02 3.673492466730000160e+03
5.307135904659999737e-01 4.495157089650000243e-02 3.803035036390000187e+03
6.130504410649999514e-01 7.365077170070000179e-02 3.981052506850000100e+03
1.665854925259999897e+00 7.395420608940000307e+00 7.742013373529999626e+03
1.201900161760000030e+00 1.688658707959999949e+00 6.147553728339999907e+03
7.007607448299999486e-01 1.281917861100000111e-01 4.274091369579999991e+03
1.098566976419999897e+00 1.101445330190000016e+00 5.902196482970000034e+03
1.470569483400000044e+00 4.266714006119999958e+00 6.943867369280000275e+03
5.843330290639999758e-01 6.169952128669999730e-02 3.908584136620000208e+03
9.198495251410000462e-01 4.650879109020000235e-01 5.273541231500000322e+03
1.012956517989999972e+00 7.439969918640000346e-01 5.641891690200000085e+03
5.826699053780000082e-01 6.107826777150000136e-02 3.904739822959999856e+03
3.943938303000000256e-01 2.198414525109999851e-02 3.655375554929999907e+03
7.088303419899999458e-01 1.348921481020000090e-01 4.306158791159999964e+03
5.402455407130000165e-01 4.747977994810000102e-02 3.819136691459999838e+03
7.767392892459999976e-01 2.055789494760000002e-01 4.602370084569999563e+03
1.765449044599999961e+00 9.500631691140000612e+00 8.151845705660000021e+03
2.817696040189999973e+00 6.476725852020000218e+01 1.163044103349999932e+04
7.623277161229999876e-01 1.882579822509999889e-01 4.536227123779999602e+03
5.867367663289999591e-01 6.261040875399999373e-02 3.914207760239999971e+03
4.543694956339999758e-01 2.976691814349999993e-02 3.707304855769999904e+03
2.662315900639999899e+00 5.167589797600000168e+01 1.119178587250000055e+04
7.595676361830000500e-01 1.850927806390000041e-01 4.523724305720000302e+03
9.967436377880000142e-01 6.878478330130000096e-01 5.584154374210000242e+03
4.674556228439999961e-01 3.185083641249999986e-02 3.720310611169999902e+03
2.204626261219999883e-01 6.998839546259999662e-03 3.365340889799999786e+03
4.999091222770000176e-01 3.785856284829999807e-02 3.757982501359999787e+03
1.067453980160000038e+00 9.590646196409999824e-01 5.815702171549999548e+03
5.874238987900000097e-01 6.287364348450000251e-02 3.915830007269999896e+03
6.178009855239999792e-01 7.586713445880000073e-02 3.994163981579999927e+03
7.737935820610000182e-01 2.019282553170000105e-01 4.588741192860000410e+03
7.361169229039999928e-01 1.600730609000000082e-01 4.420032509149999896e+03
5.901078190920000521e-01 6.391411237730000583e-02 3.922229178590000174e+03
5.820952886300000406e-01 6.086531263589999713e-02 3.903420434399999976e+03
3.941796524050000250e-01 2.196033282199999839e-02 3.655193368889999874e+03
1.084366516660000057e+00 1.034601322709999938e+00 5.863738701199999923e+03
7.172473710410000036e-01 1.422343055779999865e-01 4.340419177679999848e+03
7.590366365009999505e-01 1.844893250040000043e-01 4.521325529540000389e+03
2.085588882340000172e+00 1.915686231049999932e+01 9.361808356130000902e+03
5.826427489380000546e-01 6.106818401340000091e-02 3.904677366439999787e+03
6.662875846529999757e-01 1.030264173660000032e-01 4.146315957810000327e+03
1.102297576560000048e+00 1.119510650230000071e+00 5.912004585570000017e+03
1.122908387939999919e+00 1.223272029299999897e+00 5.964305887129999974e+03
6.456214275689999837e-01 9.037979518630000209e-02 4.077405049169999984e+03
3.942672448569999877e-01 2.197006871930000035e-02 3.655267889190000005e+03
4.435555177500000168e-01 2.816713318900000013e-02 3.697258410909999839e+03
5.703478793649999767e-01 5.669643969959999724e-02 3.877433228100000179e+03
9.160977815070000529e-01 4.559035777539999779e-01 5.256969101679999767e+03
1.102789813990000090e+00 1.121908745130000051e+00 5.913288134909999826e+03
1.219675078020000081e+00 1.809280358809999933e+00 6.187857769940000253e+03
9.215928381260000135e-01 4.694054916659999854e-01 5.281203065020000395e+03
8.437162785280000188e-01 3.054547286470000178e-01 4.920568593979999605e+03
5.959444765829999824e-01 6.624560170219999378e-02 3.936491608549999910e+03
1.562456612399999889e+00 5.586296929539999567e+00 7.311542869459999565e+03
1.420928535939999904e+00 3.655921422660000086e+00 6.760342330679999577e+03
1.347094008660000064e+00 2.868013623570000004e+00 6.517580253080000148e+03
7.937763260810000165e-01 2.278488747590000085e-01 4.682112044249999599e+03
3.509546547640000069e-01 1.753986703879999859e-02 3.614657707910000227e+03
8.677810689889999818e-01 3.501076079189999746e-01 5.035061868640000284e+03
4.093091334599999742e-01 2.370046135450000133e-02 3.667902242610000030e+03
1.572560317460000023e+00 5.747336712610000120e+00 7.353281127070000366e+03
1.259685871290000092e+00 2.103914778370000072e+00 6.281662130470000193e+03
2.240913204049999941e+00 2.575481813709999912e+01 9.892249061500000607e+03
1.209047240949999935e+00 1.736421148740000087e+00 6.163707967850000387e+03
5.325756519840000314e-01 4.543201347990000194e-02 3.806095623040000191e+03
1.601013940859999929e+00 6.218718878799999850e+00 7.471484149590000015e+03
1.064605600779999994e+00 9.467682116400000236e-01 5.807355922450000435e+03
8.752277229079999943e-01 3.649649971849999730e-01 5.070103843560000314e+03
7.745533091039999984e-01 2.028642993149999962e-01 4.592251187930000015e+03
8.309941494850000554e-01 2.838309757999999960e-01 4.859620585419999770e+03
1.070169392399999975e+00 9.709000213270000401e-01 5.823588328630000433e+03
3.927957968510000231e-01 2.180700731580000051e-02 3.654013839560000179e+03
1.403109294290000086e+00 3.452969933719999940e+00 6.698158167589999721e+03
1.995450172269999989e+00 1.593823431620000086e+01 9.037871891000000687e+03
4.413221902860000045e-01 2.784936045249999936e-02 3.695248546689999785e+03
1.002543941869999955e+00 7.075337519169999645e-01 5.605116495219999706e+03
1.066891360350000095e+00 9.566262020510000186e-01 5.814059628750000229e+03
4.250115939090000072e-01 2.564687090960000165e-02 3.681070802029999868e+03
1.223308436089999951e+00 1.834698518639999998e+00 6.196164015459999973e+03
6.594934053690000297e-01 9.868030017989999625e-02 4.123005224970000199e+03
5.121083015030000185e-01 4.048489747479999679e-02 3.774615256720000161e+03
1.335552085250000021e+00 2.757085238350000189e+00 6.483323236870000073e+03
5.645727532280000460e-01 5.477118698609999975e-02 3.865338354129999971e+03
6.680126162599999695e-01 1.041603826089999990e-01 4.152335434710000300e+03
4.274692273390000019e-01 2.596616598310000010e-02 3.683161696940000184e+03
3.363062469259999965e+00 1.300405042140000091e+02 1.303864275140000063e+04
6.333833379879999503e-01 8.366093640539999654e-02 4.039429929190000166e+03
1.521519870739999947e+00 4.966805432760000194e+00 7.144500070129999585e+03
4.880549820310000064e-01 3.551065201439999874e-02 3.743198568639999849e+03
8.769387942059999608e-01 3.684506558280000177e-01 5.078121391820000099e+03
1.187808926720000047e+00 1.597345133219999935e+00 6.115774599319999652e+03
4.118462164949999726e-01 2.400460370769999865e-02 3.670018646489999810e+03
2.891532838040000164e-01 1.213576085060000080e-02 3.528917320739999923e+03
5.759815219760000549e-01 5.865235132570000010e-02 3.889662151189999804e+03
3.662772162929999742e-01 1.902855647950000076e-02 3.630151559439999801e+03
3.652544061690000121e-01 1.892680807779999891e-02 3.629165144019999843e+03
1.947176718919999994e+00 1.438814657370000027e+01 8.859678203850000500e+03
4.454605792620000004e-01 2.844150813409999923e-02 3.698989089440000043e+03
3.592220771040000038e-01 1.833385185289999886e-02 3.623216005820000191e+03
2.158901270099999881e-01 6.691206079289999803e-03 3.351171813259999908e+03
1.294084991899999926e+00 2.384148113809999803e+00 6.368384756610000295e+03
5.484716341549999985e-01 4.980464545200000148e-02 3.833920210130000214e+03
7.568375110460000554e-01 1.820088328249999943e-01 4.511414200500000334e+03
2.198264448000000204e+00 2.380308921649999832e+01 9.749850433659999908e+03
2.721509600770000148e+00 5.641324499619999955e+01 1.136113637240000025e+04
7.494344487170000457e-01 1.738772376909999973e-01 4.478334639099999549e+03
5.284861719869999863e-01 4.438518329539999779e-02 3.799427086080000208e+03
9.037336996010000290e-01 4.266578798030000175e-01 5.201590459140000348e+03
2.123252297890000140e+00 2.063021214970000017e+01 9.493516325130000041e+03
3.663278557569999982e-01 1.903360342869999874e-02 3.630200237600000037e+03
8.696686394079999882e-01 3.538259264679999849e-01 5.043966040729999804e+03
9.011753904979999952e-01 4.207989780629999843e-01 5.189993933880000441e+03
2.739801217320000148e+00 5.793829031109999761e+01 1.141289962580000065e+04
4.274547839339999933e-01 2.596427711740000033e-02 3.683149371810000048e+03
1.278860468990000054e+00 2.256952606680000084e+00 6.329144665470000291e+03
3.255526222189999985e-01 1.521700919819999991e-02 3.584701646739999887e+03
1.266201724619999913e+00 2.155037477550000080e+00 6.297574384669999745e+03
1.287560981529999982e+00 2.329017177159999896e+00 6.351390401710000333e+03
2.813134792379999860e-01 1.150482177529999969e-02 3.514455538369999886e+03
3.100960196129999846e-01 1.387669104990000082e-02 3.563124836540000160e+03
5.110337691699999851e-01 4.024445038990000223e-02 3.773089187279999805e+03
2.946961526369999973e+00 7.735609720099999720e+01 1.198162764609999977e+04
1.095747367580000020e+00 1.087919547740000104e+00 5.894687789180000436e+03
1.382932011829999919e+00 3.233156052670000058e+00 6.630423495109999749e+03
4.867123187080000246e-01 3.525649330330000303e-02 3.741603346440000223e+03
6.870054468249999768e-01 1.174993073410000033e-01 4.221255087759999697e+03
1.347325685439999976e+00 2.870272941380000109e+00 6.518278297480000219e+03
1.009315477639999958e+00 7.310852057960000039e-01 5.629165770159999738e+03
7.142235656790000276e-01 1.395543124349999942e-01 4.328018059699999867e+03
2.687158818600000054e-01 1.051413890970000035e-02 3.489141967540000223e+03
1.067664619819999938e+00 9.599787588370000124e-01 5.816316364299999805e+03
1.673320820220000060e+00 7.540403238029999677e+00 7.773087131659999613e+03
1.302689975470000094e+00 2.458315805899999873e+00 6.391231367129999853e+03
2.980816266640000101e-01 1.286790713979999931e-02 3.544255815429999984e+03
9.197995525469999656e-01 4.649646146879999886e-01 5.273321237109999856e+03
8.452288483950000098e-01 3.081147115030000161e-01 4.927804035840000324e+03
3.905931732690000047e-01 2.156483910389999856e-02 3.652127262179999889e+03
5.453766176340000271e+00 8.937110154509999802e+02 1.717382174460000169e+04
7.910669908309999609e-01 2.241728719599999919e-01 4.669338327280000158e+03
9.529564956310000445e-01 5.526731970870000232e-01 5.414471026199999869e+03
6.408335041599999560e-01 8.768591909219999869e-02 4.062294872209999994e+03
9.469974113610000188e-01 5.360178245919999807e-01 5.389854119650000030e+03
4.649669704509999946e-01 3.144114610919999941e-02 3.717755593930000032e+03
1.373191301739999926e+00 3.130754696549999938e+00 6.598790972679999868e+03
4.745968967959999785e-01 3.306367906370000220e-02 3.727878938490000110e+03
8.366327250449999697e-01 2.932511004310000002e-01 4.886647339000000102e+03
8.157625942020000354e-01 2.596490011540000253e-01 4.786662337699999625e+03
4.387426136400000010e-01 2.748741345280000109e-02 3.692951023709999845e+03
1.062968011239999955e+00 9.397534298669999453e-01 5.802522827920000054e+03
7.357344486939999539e-01 1.596918244730000103e-01 4.418382610190000378e+03
5.254929878530000265e-01 4.363810042010000251e-02 3.794668899429999783e+03
6.924740982589999705e-01 1.216425638140000015e-01 4.241975832899999659e+03
4.979920547789999929e-01 3.746577310520000231e-02 3.755503431109999838e+03
1.628775572619999945e+00 6.704711537659999721e+00 7.587319052390000252e+03
1.144522976259999991e+00 1.339660544050000013e+00 6.016447409100000186e+03
3.043800714459999890e-01 1.339330501859999946e-02 3.554391074059999937e+03
7.269885830550000261e-01 1.511991559420000075e-01 4.381053572650000206e+03
1.309122081760000000e+00 2.514845563879999801e+00 6.408641532579999875e+03
5.527292400100000114e-01 5.106280991130000141e-02 3.841904094970000187e+03
1.659520762519999915e+00 7.273985876540000284e+00 7.715623518909999802e+03
6.712991146860000091e-01 1.063556326280000047e-01 4.163915796190000037e+03
7.455662271830000298e-01 1.697601377640000075e-01 4.461234313889999612e+03
3.578301249149999919e-01 1.819870389629999960e-02 3.621809410129999833e+03
3.803647520010000171e+00 2.105594197329999986e+02 1.405502078049999909e+04
1.708798695440000071e+00 8.257217786309999141e+00 7.920121425700000145e+03
7.220250343240000035e-01 1.465673308210000136e-01 4.360220414479999818e+03
8.505253087020000491e-01 3.175812645739999884e-01 4.953109267810000347e+03
8.143363191569999993e-01 2.574768637770000201e-01 4.779843942630000129e+03
5.899929347569999871e-01 6.386917209970000009e-02 3.921953214780000053e+03
1.263370205660000023e+00 2.132711023550000196e+00 6.290632849139999962e+03
5.431266992690000350e-01 4.827851899010000142e-02 3.824219405670000015e+03
4.366381857669999755e-01 2.719608216430000058e-02 3.691094369639999968e+03
7.578968869800000174e-01 1.831999960809999883e-01 4.516184055830000034e+03
1.644927243920000004e+00 6.999638719930000086e+00 7.654752493519999916e+03
7.666314982869999461e-01 1.932897863810000005e-01 4.555833528590000242e+03
1.287728391059999922e+00 2.330420092049999781e+00 6.351823059780000222e+03
5.117903184809999839e-01 4.041355329679999914e-02 3.774162389950000033e+03
3.708464676209999866e-01 1.948758821649999862e-02 3.634485852209999848e+03
1.111776963959999920e+00 1.166375635579999903e+00 5.936415250199999718e+03
5.993966866519999659e-01 6.767007535760000136e-02 3.945151903949999905e+03
2.110941644960000030e+00 2.014004017719999950e+01 9.450694708819999505e+03
4.173319363610000221e-01 2.467545708979999863e-02 3.674602400260000195e+03
7.203865133669999921e-01 1.450675763139999963e-01 4.353401261410000188e+03
8.735825307119999827e-01 3.616389767550000078e-01 5.062382396220000373e+03
4.485675782849999904e-01 2.889569474560000142e-02 3.701845917130000089e+03
1.114452105880000099e+00 1.179863930100000013e+00 5.943191074739999749e+03
6.138772771279999985e-01 7.403136194899999356e-02 3.983311475460000111e+03
7.279299002919999984e-01 1.520927566970000089e-01 4.385033828349999567e+03
5.823733864750000322e-01 6.096826876730000039e-02 3.904058414009999979e+03
1.028462379870000110e+00 8.009660259209999689e-01 5.694486274900000353e+03
6.758838256320000015e-01 1.094955686870000000e-01 4.180314465729999938e+03
5.597781681250000307e-01 5.323200572589999874e-02 3.855631839120000222e+03
1.001832051769999898e+00 7.050923680630000190e-01 5.602559329169999728e+03
1.559915155870000014e-01 3.174780529430000151e-03 3.120634131809999872e+03
7.511414618480000138e-01 1.757226331900000049e-01 4.485921924510000281e+03
5.361056297980000274e-01 4.636053480979999974e-02 3.812010092070000155e+03
1.142265980909999978e+00 1.327135378749999983e+00 6.011109732910000275e+03
4.919061173540000276e-01 3.625263644639999810e-02 3.747861386760000187e+03
2.729031669449999975e-01 1.084025771410000033e-02 3.497849293830000079e+03
1.521117246690000036e+00 4.960969975530000298e+00 7.142878162899999552e+03
7.099023291420000215e-01 1.358069272369999969e-01 4.310476836349999758e+03
1.083229551739999907e+00 1.029385935659999918e+00 5.860588131870000325e+03
4.504365241289999822e-01 2.917299919349999882e-02 3.703586036380000223e+03
5.547443542900000191e-01 5.167180154989999691e-02 3.845763227999999799e+03
2.805527944630000214e-01 1.144419144720000038e-02 3.513000902249999854e+03
1.447538286319999923e+00 3.974858544279999961e+00 6.856983510719999686e+03
5.484363970819999823e-01 4.979439178580000180e-02 3.833855088499999965e+03
3.994669188980000119e-01 2.255480496760000134e-02 3.659665955540000141e+03
1.268241156270000003e+00 2.171224195070000196e+00 6.302600359899999603e+03
5.255221563469999468e-01 4.364530415810000119e-02 3.794714773409999907e+03
1.025479893520000019e+00 7.897555858850000554e-01 5.684569822239999667e+03
4.647053799199999946e-01 3.139845949680000053e-02 3.717489383699999962e+03
8.004285862150000153e-01 2.370964848069999908e-01 4.713597075949999635e+03
7.895056606720000092e-01 2.220779271070000005e-01 4.661991508819999581e+03
7.236615752139999858e-01 1.480797033959999898e-01 4.367060331530000440e+03
1.290652717399999982e+00 2.355026203860000056e+00 6.359409673440000006e+03
9.183507994399999763e-01 4.614014594629999855e-01 5.266934608270000354e+03
1.882254845879999916e+00 1.247591449439999955e+01 8.613523171409999122e+03
1.560779349029999929e+00 5.559880374569999617e+00 7.304629709130000265e+03
1.652605698929999978e+00 7.143048223630000138e+00 7.686790475140000126e+03
1.041155909880000063e+00 8.500532678119999686e-01 5.735642300309999882e+03
5.397808732900000184e-01 4.735249666010000330e-02 3.818326460650000172e+03
8.058768431759999462e-01 2.449093173069999962e-01 4.739488594729999932e+03
1.862577555849999955e+00 1.193391917089999943e+01 8.537418792380000014e+03
1.356777909909999913e+00 2.963559755289999931e+00 6.547108378050000283e+03
5.381410015240000178e-01 4.690666511430000019e-02 3.815487995169999976e+03
3.834277053099999777e-01 2.079228545529999972e-02 3.645895974990000013e+03
6.071890465070000076e-01 7.101399560160000235e-02 3.965317361030000029e+03
1.220384890150000068e+00 1.814225503819999918e+00 6.189478158150000127e+03
1.348328588059999888e-01 2.200614279280000210e-03 3.016703191430000061e+03
7.551742555249999489e-01 1.801526780790000115e-01 4.503943235910000112e+03
1.745815828080000021e+00 9.055598245969999738e+00 8.072037852899999962e+03
7.810617673959999729e-01 2.110409054440000043e-01 4.622460504169999695e+03
1.319412357780000100e+00 2.607248751799999820e+00 6.437107831059999626e+03
3.580860445549999826e-01 1.822350590980000018e-02 3.622069019770000068e+03
6.570259182340000281e-01 9.714845698589999468e-02 4.114697343300000284e+03
1.271536358979999948e+00 2.197565938719999945e+00 6.310768844119999812e+03
6.260524388089999670e-01 7.989179478560000380e-02 4.017702608529999907e+03
1.459052156050000049e+00 4.118899895120000210e+00 6.900072416619999785e+03
1.630190974690000072e+00 6.730194576369999737e+00 7.593229201119999743e+03
4.625253302189999971e-01 3.104546441899999967e-02 3.715287817909999831e+03
6.552822968179999874e-01 9.608068595120000666e-02 4.108877770349999992e+03
3.534262569220000261e-01 1.777507397350000171e-02 3.617269027559999813e+03
5.687723081009999682e+00 1.068281117270000095e+03 1.752840243189999819e+04
1.243579733610000071e+00 1.981371552229999944e+00 6.243190463990000353e+03
6.818320965839999914e+00 2.434102450930000032e+03 1.892080286659999911e+04
9.784300845619999798e-01 6.285019032649999948e-01 5.515653806399999667e+03
4.561914340909999921e-01 3.004693562259999964e-02 3.709055230620000202e+03
5.167302694040000199e-01 4.154016051059999937e-02 3.781319026090000079e+03
2.361418888869999955e-01 8.089298187890000408e-03 3.410579177929999787e+03
7.068118798360000232e-01 1.331855474099999936e-01 4.298064886570000454e+03
1.813556606049999909e+00 1.065660486540000029e+01 8.344831941450000159e+03
6.458424228150000390e-01 9.050620544819999724e-02 4.078110316599999805e+03
1.208711109560000052e+00 1.734152746559999958e+00 6.162947014260000287e+03
7.325656479359999862e-01 1.565652194330000024e-01 4.404768510580000111e+03
6.031418800150000203e-01 6.925467933499999951e-02 3.954736852380000073e+03
5.330895000549999985e-01 4.556572331159999822e-02 3.806947388449999835e+03
2.314416731340000144e+00 2.938313172559999842e+01 1.013238796879999973e+04
3.211008057829999873e-01 1.482579927260000048e-02 3.578776553719999811e+03
3.252138878920000087e-01 1.518708928549999948e-02 3.584258625890000076e+03
5.807710951800000299e-01 6.037784287319999943e-02 3.900397176049999871e+03
2.690775868959999761e-01 1.054218437670000064e-02 3.489905926410000120e+03
7.879953963750000456e-01 2.200677073660000094e-01 4.654895476120000239e+03
8.276414088860000184e-01 2.783511764339999806e-01 4.843548439379999763e+03
1.547687791820000047e+00 5.356760837000000386e+00 7.250846693489999780e+03
1.545365925030000032e+00 5.321300735480000377e+00 7.241343710070000270e+03
6.484181379419999836e-01 9.199317242450000265e-02 4.086381089200000133e+03
4.055052047300000129e-01 2.325138224000000003e-02 3.664727072090000092e+03
8.874044516129999671e-01 3.903654349999999829e-01 5.126842840670000442e+03
4.900892622579999802e-01 3.590016607399999782e-02 3.745645299140000134e+03
7.859351949509999491e-01 2.173510428400000083e-01 4.645232863670000370e+03
2.277881711590000080e+00 2.753693694940000114e+01 1.001383669200000077e+04
2.387782421639999875e+00 3.335544292189999993e+01 1.036586901039999975e+04
