2.468495492609999786e+00 3.794282933230000054e+01 1.063257557880000059e+04
4.005926447359999809e-01 2.268292786770000069e-02 3.660614318079999975e+03
6.223225206360000206e-01 7.803940142590000406e-02 4.006917701800000032e+03
1.223252579650000005e+00 1.832304639159999970e+00 6.195598683180000080e+03
3.947588455059999890e-01 2.202451926500000046e-02 3.655687579729999925e+03
8.184792313880000503e-01 2.637738565480000075e-01 4.799526524959999733e+03
8.101098490379999850e-01 2.510797718239999865e-01 4.759532971579999867e+03
3.687923286429999781e+00 1.832944280819999960e+02 1.386586694809999972e+04
1.323177917510000023e+00 2.638081573120000023e+00 6.447399990799999614e+03
6.712709563369999577e-01 1.063260899740000043e-01 4.163766390390000197e+03
1.495428534560000022e+00 4.590452546169999870e+00 7.040716112150000299e+03
3.259932683669999887e-01 1.525584936589999968e-02 3.585277207250000174e+03
5.839323232119999485e-01 6.154628303779999948e-02 3.907642725419999806e+03
1.424514488500000065e+00 3.691816374670000123e+00 6.773052372549999745e+03
1.070829391450000001e+00 9.731511804279999733e-01 5.825148868090000178e+03
6.522586395199999609e-01 9.424953448459999494e-02 4.098848190319999958e+03
8.320926145450000533e-01 2.855823735149999876e-01 4.864749783989999742e+03
1.528081435700000101e+00 5.053041492560000236e+00 7.171379858199999944e+03
1.778040402570000067e+00 9.769025106369999989e+00 8.205216435750000528e+03
8.525980629749999595e-01 3.212734465479999968e-01 4.962853592510000453e+03
9.383857901530000545e-01 5.124807500329999765e-01 5.353518913550000434e+03
9.797621493899999479e-01 6.324394780630000490e-01 5.520602760910000143e+03
2.664159281290000014e-01 1.033631039030000025e-02 3.484232100919999993e+03
9.507503613350000160e-01 5.462718097350000024e-01 5.405238662609999665e+03
6.570384308879999580e-01 9.714759565269999453e-02 4.114698247989999800e+03
1.473332602029999938e+00 4.295240580179999768e+00 6.954594493360000342e+03
7.068716884360000119e-01 1.332186615000000018e-01 4.298230384509999567e+03
6.220836450300000209e-01 7.792270114350000054e-02 4.006235424940000030e+03
7.684244388800000047e-01 1.953878126439999863e-01 4.563934989370000039e+03
1.060588489399999945e+00 9.290575357429999848e-01 5.795142533989999720e+03
1.686913375300000073e+00 7.791455450800000015e+00 7.831080094859999917e+03
6.066400772379999529e-01 7.076839244780000482e-02 3.963849990390000130e+03
7.954180273459999784e-01 2.300576570420000133e-01 4.689745067220000237e+03
8.507992725130000267e-01 3.180011362590000057e-01 4.954273809950000214e+03
1.090631092039999972e+00 1.062904135179999932e+00 5.880486796389999654e+03
2.250979466870000056e+00 2.611864255940000135e+01 9.936429080649999378e+03
5.232426797239999594e-01 4.308568684099999685e-02 3.791159175279999999e+03
9.980330047209999833e-01 6.919062494319999645e-01 5.588689815290000297e+03
1.210249449980000058e+00 1.742707144950000009e+00 6.165985489990000133e+03
5.729275464619999481e-01 5.757989909140000251e-02 3.882970911460000025e+03
6.273726263350000165e-01 8.055134788190000672e-02 4.021532301929999903e+03
1.169917375570000084e+00 1.485318659760000104e+00 6.074780951650000134e+03
1.088111772079999984e+00 1.051149780640000087e+00 5.873632040290000077e+03
1.712095881950000120e-01 3.968549069539999662e-03 3.187608113289999892e+03
6.670339622559999793e-01 1.035056107640000000e-01 4.148868548679999549e+03
4.266739986209999724e-01 2.586202384969999921e-02 3.682485868390000178e+03
6.064754114329999890e-01 7.069613048799999744e-02 3.963416316240000015e+03
1.257568754300000036e+00 2.085033294310000063e+00 6.276129219520000333e+03
3.844378559679999974e+00 2.151474542690000078e+02 1.422190216610000061e+04
7.373671663130000331e-01 1.613012067930000015e-01 4.425347871189999751e+03
8.726128939639999915e-01 3.595964461119999789e-01 5.057676634280000144e+03
3.565410482490000144e-01 1.807391480559999986e-02 3.620496188579999853e+03
1.698266512730000066e+00 8.020682608719999607e+00 7.878229338909999569e+03
1.225704789239999926e+00 1.849574617610000082e+00 6.201223738970000340e+03
8.757384435930000155e-01 3.659058931549999949e-01 5.072348200620000171e+03
7.929150320760000037e-01 2.266318065880000010e-01 4.677927860709999550e+03
5.672849073500000339e-01 5.566322737800000198e-02 3.870955610710000201e+03
4.525486733579999754e-01 2.948970849229999927e-02 3.705575719639999988e+03
7.956251324390000157e-01 2.303431173599999882e-01 4.690723970320000262e+03
7.252736849980000455e-01 1.495627342030000084e-01 4.373744279749999805e+03
7.096427209519999835e-01 1.355671679999999879e-01 4.309355055580000226e+03
1.009895707979999946e+00 7.328125501509999973e-01 5.631031341769999926e+03
7.547949559080000537e-01 1.797030047260000096e-01 4.502145639469999878e+03
1.692016170919999896e+00 7.893898008569999902e+00 7.852286486439999862e+03
1.314120818419999948e+00 2.556019214520000027e+00 6.422041493149999951e+03
1.514096387920000009e+00 4.851006855699999676e+00 7.114985078319999957e+03
3.206303759990000168e-01 1.478459864800000037e-02 3.578138345339999887e+03
9.059676811179999678e-01 4.316999311440000153e-01 5.211522981639999671e+03
7.857175056590000040e-01 2.170259160740000137e-01 4.644097675770000023e+03
4.447106223630000188e-01 2.833268922239999890e-02 3.698308261029999812e+03
1.362072377650000110e+00 3.012380865859999979e+00 6.563321122309999737e+03
1.453808878100000035e+00 4.045994774549999562e+00 6.880406611020000128e+03
6.306322188190000011e-01 8.221880616500000516e-02 4.031158445250000113e+03
8.188400164260000169e-01 2.643331079210000101e-01 4.801253121290000308e+03
5.995565151630000145e-01 6.773320411340000291e-02 3.945540635070000008e+03
1.713794154179999918e+00 8.341925532899999496e+00 7.942507152340000175e+03
7.912614092719999492e-01 2.243928054490000046e-01 4.670134908539999742e+03
3.590828291419999818e+00 1.653519546670000011e+02 1.363941218370000024e+04
7.186539081489999869e-01 1.434778123690000073e-01 4.346143688879999900e+03
1.747224847960000105e+00 9.064504850689999671e+00 8.079923389259999567e+03
2.459031585870000036e+00 3.736148209350000116e+01 1.060330565390000083e+04
1.205721208199999950e+00 1.712278312120000034e+00 6.155736413360000370e+03
6.384640385109999761e-01 8.637754032239999824e-02 4.054905855670000165e+03
8.948129376440000504e-01 4.063932912820000243e-01 5.160809465710000040e+03
3.119498663859999743e-01 1.403474553390000011e-02 3.565867303309999897e+03
6.131320235570000277e-01 7.368374901360000284e-02 3.981254061950000050e+03
8.265857514290000374e-01 2.765841368170000036e-01 4.838353751409999859e+03
1.411641518839999998e+00 3.543493432890000072e+00 6.727566590469999937e+03
1.947442933250000063e+00 1.435328878239999995e+01 8.865718185600000652e+03
3.091879921239999995e-01 1.379937728380000068e-02 3.561767019739999796e+03
3.233892638799999997e+00 1.102010200619999978e+02 1.276713893409999946e+04
7.185338272700000362e-01 1.433696007120000004e-01 4.345647435650000261e+03
1.173779180689999979e+00 1.508658427150000092e+00 6.083570107890000145e+03
1.333370101389999896e+00 2.732691122659999916e+00 6.476663867739999660e+03
1.167336686450000105e+00 1.469871831819999919e+00 6.068890579390000312e+03
1.104005594270000001e+00 1.126946215980000110e+00 5.915995095520000177e+03
2.991463028399999891e-01 1.295610981379999999e-02 3.546008804999999938e+03
4.074192174840000069e-01 2.347602517669999944e-02 3.666327241330000106e+03
2.699472699469999792e+00 5.422674267539999704e+01 1.132212895729999946e+04
1.282101104000000102e+00 2.280756018239999960e+00 6.336995882789999996e+03
2.529963516820000091e+00 4.187686331830000341e+01 1.082063496440000017e+04
1.174057458929999909e+00 1.510350720019999926e+00 6.084202385309999954e+03
6.885556469219999975e-01 1.186460993209999953e-01 4.227028254920000109e+03
7.384224459960000431e-01 1.623646969529999873e-01 4.429919619369999964e+03
1.455273041509999921e+00 4.064315680280000009e+00 6.885901753049999570e+03
5.945547864689999518e-01 6.567841492999999808e-02 3.933037864649999847e+03
1.677974613129999959e+00 7.614293279610000020e+00 7.793879508699999860e+03
2.084459372310000003e+00 1.904709079150000051e+01 9.365334759519999352e+03
6.378442987589999502e-01 8.604046835560000273e-02 4.052994909470000039e+03
6.129408385579999674e-01 7.359601792009999588e-02 3.980732964679999895e+03
6.241777168759999883e-01 7.895221177929999390e-02 4.012244220130000031e+03
2.311180652369999866e-01 7.734063082910000268e-03 3.396638300909999998e+03
6.822676157079999859e-01 1.140091999870000011e-01 4.203558487090000199e+03
8.414472166719999535e-01 3.014306085099999755e-01 4.909568670030000249e+03
1.577810328430000020e+00 5.820518934689999924e+00 7.375697556799999802e+03
1.478967800509999986e+00 4.369191050569999568e+00 6.976354710489999889e+03
7.400943599949999507e-01 1.640627564400000127e-01 4.437184472619999724e+03
1.037746233040000021e+00 8.362039378590000460e-01 5.724509461169999668e+03
3.503423477770000183e-01 1.748171328620000062e-02 3.614004809680000108e+03
1.763149841569999987e+00 9.423906156710000204e+00 8.144849465240000427e+03
2.805396550779999942e-01 1.144307904129999998e-02 3.512976519840000037e+03
1.930525346979999890e+00 1.383820897340000045e+01 8.802006377559999237e+03
5.481704182240000334e-01 4.971540353799999701e-02 3.833360357699999895e+03
1.027203939300000091e+00 7.958293181150000173e-01 5.690099057669999638e+03
1.394391715930000109e+00 3.351559215600000030e+00 6.668383892019999621e+03
1.008852464280000083e+00 7.291412493779999560e-01 5.627367621219999819e+03
7.694725565479999529e-01 1.966429577970000009e-01 4.568741616850000355e+03
9.444812231029999783e-01 5.289262940579999572e-01 5.379197108029999981e+03
1.597633113389999915e+00 6.148517396059999918e+00 7.458205094320000171e+03
9.387274121690000195e-01 5.133916247540000199e-01 5.354967215030000261e+03
1.135334517060000020e-01 1.384687212830000048e-03 2.897042052790000071e+03
4.246888263129999785e-01 2.560489255330000019e-02 3.680799164919999839e+03
6.655302858610000483e-01 1.025228432590000044e-01 4.143640256480000062e+03
6.225121504909999492e-01 7.813217815740000627e-02 4.007459902309999961e+03
3.724807186669999992e-01 1.965339443219999913e-02 3.636010510019999856e+03
2.700415974999999857e+00 5.430195579570000319e+01 1.132485389100000066e+04
9.393661258990000373e-01 5.150980752379999972e-01 5.357672143750000032e+03
2.180746162290000123e-01 6.837545805449999660e-03 3.357997753459999785e+03
2.012405461749999791e+00 1.645878739810000013e+01 9.105988458899999387e+03
3.871693351089999791e-01 2.119260762209999871e-02 3.649171009189999950e+03
1.168403819069999905e+00 1.476244656490000029e+00 6.071328059039999971e+03
3.370343898109999792e+00 1.293892144819999999e+02 1.310836019239999951e+04
2.129530491650000190e+00 2.080609863160000117e+01 9.523627289609999934e+03
7.446409792270000105e-01 1.687627338140000044e-01 4.457072108520000256e+03
3.758291537280000205e-01 1.999665989770000110e-02 3.639090233320000152e+03
7.871978843279999749e-01 2.189721883330000007e-01 4.651036276439999710e+03
9.649193233289999894e-01 5.871225625449999486e-01 5.462663969539999925e+03
9.759354547749999886e-01 6.205039828720000372e-01 5.505887521579999884e+03
9.714326213789999942e-01 6.066851210749999446e-01 5.488373522459999549e+03
1.118690020669999896e+00 1.200469277070000063e+00 5.953369770360000075e+03
3.294626769040000180e+00 1.184672420160000001e+02 1.292026066910000009e+04
7.485997939140000002e-01 1.729543745509999897e-01 4.474540240350000204e+03
1.971733635209999891e+00 1.511636773749999918e+01 8.956333868660000007e+03
1.564304305440000098e+00 5.604348151389999977e+00 7.319751010910000332e+03
3.536191921649999848e-01 1.779334468869999894e-02 3.617472281259999818e+03
3.068975473700000234e-01 1.360532514580000026e-02 3.558291782650000187e+03
4.905595237929999963e-01 3.599026759900000177e-02 3.746219069270000091e+03
3.960919021240000060e+00 2.413876347309999915e+02 1.448037008009999954e+04
3.584290665459999858e-01 1.825660675419999920e-02 3.622417688439999893e+03
1.447407260140000096e+00 3.966590782509999968e+00 6.856518935340000098e+03
8.734697042950000379e-01 3.613171490670000208e-01 5.061702876880000076e+03
1.335977279699999964e-01 2.148654185270000138e-03 3.010210998330000166e+03
1.106438902719999895e+00 1.138889117720000010e+00 5.922291622759999882e+03
8.178815823139999885e-01 2.628496514359999758e-01 4.796666761350000343e+03
8.503567640439999575e-01 3.172003840000000019e-01 4.952162067690000185e+03
1.036347051219999926e+00 8.307568628799999466e-01 5.720009747690000040e+03
6.009586367679999874e-01 6.832219511640000298e-02 3.949108590050000203e+03
1.024301607850000018e+00 7.849816310549999621e-01 5.680418966010000076e+03
8.018887070919999971e-01 2.391220336010000114e-01 4.720401407199999994e+03
2.135388545260000104e+00 2.104290882589999967e+01 9.543989129139999932e+03
1.038241123509999975e+00 8.381371074560000078e-01 5.726096121149999817e+03
2.369652633650000118e-01 8.147985928889999591e-03 3.412815968110000085e+03
1.752411673439999928e+00 9.180472350189999631e+00 8.101110216799999762e+03
8.635956530639999906e-01 3.418908128099999999e-01 5.015123352700000396e+03
5.114326453059999666e-01 4.033255060520000296e-02 3.773656120669999837e+03
1.053612534360000019e+00 8.999052493620000037e-01 5.774126138059999903e+03
2.499730569830000138e-01 9.093890712420000036e-03 3.446371958790000008e+03
4.110243792239999805e-01 2.390536050119999867e-02 3.669334948359999999e+03
7.810243819709999924e-01 2.109552262849999915e-01 4.622173875690000386e+03
6.391392050199999897e-01 8.674634466149999668e-02 4.056993917180000153e+03
1.013901675640000111e+00 7.470428705610000497e-01 5.644990109520000260e+03
3.367685803109999876e-01 1.622250197580000011e-02 3.598686321279999902e+03
2.190790928399999782e+00 2.337839554849999857e+01 9.734248683579999124e+03
1.078072891699999980e+00 1.005287337139999959e+00 5.845788124259999677e+03
9.567512593089999573e-01 5.632912886249999973e-01 5.429805943069999557e+03
1.134409226300000073e+00 1.283097368880000033e+00 5.991885052810000161e+03
2.899241390569999854e+00 7.189060415759999501e+01 1.188444375100000070e+04
8.460688510739999835e-01 3.095273591700000160e-01 4.931679316980000294e+03
8.413249873620000097e-01 3.012188916970000019e-01 4.908983521930000279e+03
4.531513601859999962e-01 2.958096231879999913e-02 3.706146945720000076e+03
5.819533192039999525e-01 6.081002814159999770e-02 3.903083984500000042e+03
3.688280511659999816e-01 1.928370285939999887e-02 3.632586903630000052e+03
3.035854429620000183e-01 1.332651480450000071e-02 3.553143454890000157e+03
5.913733264079999996e-01 6.440832679029999397e-02 3.925267424069999834e+03
5.324269910459999977e-01 4.539210912390000130e-02 3.805848755489999803e+03
2.013652157350000138e+00 1.650130619149999944e+01 9.110544356419999531e+03
6.430449169099999862e-01 8.891256893839999398e-02 4.069199871559999792e+03
7.884568096899999823e-01 2.206392519629999938e-01 4.656945157739999559e+03
5.769185797360000256e-01 5.898274514429999865e-02 3.891727958020000187e+03
6.498025057880000288e-01 9.279512576069999519e-02 4.090827909910000017e+03
1.157500768869999946e-01 1.461503788240000028e-03 2.910328528860000006e+03
3.456196410369999916e-01 1.703797965059999919e-02 3.608856762330000038e+03
2.571779511539999952e+00 4.471396450670000178e+01 1.094661073919999944e+04
8.408697391160000478e-01 3.004314345229999739e-01 4.906803963450000083e+03
1.597352267280000016e+00 6.143780136050000173e+00 7.457033652609999990e+03
1.789547469660000001e-01 4.400406919750000055e-03 3.219389659450000181e+03
1.377301050960000106e+00 3.168933451180000027e+00 6.611854056070000297e+03
1.188125099230000092e+00 1.597750717450000080e+00 6.116032784670000183e+03
1.239340362100000092e+00 1.947799893650000058e+00 6.232817893700000241e+03
7.283114681029999593e-01 1.524347124940000076e-01 4.386566538340000079e+03
1.122480295419999941e+00 1.220017227510000080e+00 5.962787563159999991e+03
5.654774236509999552e-01 5.506538215230000199e-02 3.867196578340000087e+03
2.900938135619999803e-01 1.221212429909999952e-02 3.530589605730000130e+03
7.845955586749999711e-01 2.155609397899999891e-01 4.638846239530000275e+03
6.826086438749999763e-01 1.142560533630000014e-01 4.204818150670000250e+03
8.564058218669999833e-01 3.282924035279999875e-01 4.980990039369999977e+03
7.298243483480000293e-01 1.538839980929999907e-01 4.392988048569999592e+03
9.033463723729999728e-01 4.256420673340000072e-01 5.199681542139999692e+03
8.783127665169999654e-01 3.711701929880000250e-01 5.084398629600000277e+03
3.979085591950000111e-01 2.237786603479999942e-02 3.658354442679999920e+03
1.294174904259999925e+00 2.381866477109999991e+00 6.368257168320000346e+03
3.648840395980000206e+00 1.759097161919999905e+02 1.377523541800000021e+04
9.357766590330000023e-01 5.055660458149999759e-01 5.342422262449999835e+03
1.184260290129999893e+00 1.573375465390000061e+00 6.107307970259999820e+03
7.871637744530000091e-01 2.189271731330000026e-01 4.650876282899999751e+03
1.204155714289999901e+00 1.701850385890000039e+00 6.152198273619999782e+03
1.040320826829999934e+00 8.462984307809999773e-01 5.732735991859999558e+03
1.929202238600000063e+00 1.379848508959999975e+01 8.797002558530000897e+03
1.286308512710000018e+00 2.315626775110000146e+00 6.347784452249999958e+03
2.991653624089999908e-01 1.295769222909999921e-02 3.546040023940000083e+03
6.045860057070000515e-01 6.987285050380000195e-02 3.958467726129999846e+03
4.393025467830000141e-01 2.756510720669999928e-02 3.693449897949999922e+03
9.185922650660000022e-01 4.618510536159999846e-01 5.267842016909999984e+03
4.783092499800000175e-01 3.371628558769999839e-02 3.731963517380000212e+03
4.914175900280000064e-01 3.615671471959999717e-02 3.747265622230000190e+03
1.258607601380000052e+00 2.093062112510000183e+00 6.278642039399999703e+03
1.010498937179999945e+00 7.349418920829999813e-01 5.633144410199999584e+03
1.592275890720000087e+00 6.058602331830000409e+00 7.435870175920000293e+03
1.253843613789999978e+00 2.056428917479999896e+00 6.267160826950000228e+03
4.266889072500000268e-01 2.586396529440000008e-02 3.682498565649999819e+03
7.844863991870000275e-01 2.154188669809999901e-01 4.638335639590000028e+03
2.338333943989999941e+00 3.049218353030000017e+01 1.022214121499999965e+04
9.984652492209999952e-01 6.933636340419999655e-01 5.590256704950000312e+03
1.596435365989999910e+00 6.128332199089999932e+00 7.453209563589999561e+03
3.972713975109999907e-01 2.230598815889999961e-02 3.657816377740000007e+03
1.375619851359999979e+00 3.151367209020000004e+00 6.606410131739999997e+03
1.602509358320000077e+00 6.231186325500000400e+00 7.478553323269999964e+03
4.413447363910000254e-01 2.785212399189999910e-02 3.695271015669999997e+03
8.250939382070000550e-01 2.741880354519999896e-01 4.831204599179999605e+03
3.973238180509999773e-01 2.231189398180000172e-02 3.657860670850000133e+03
1.070874910699999960e+00 9.733506577880000066e-01 5.825280053509999561e+03
1.121330418299999909e+00 1.214061840400000092e+00 5.959939726849999715e+03
1.305163861390000068e+00 2.476703782780000029e+00 6.397546099809999760e+03
1.567898553320000055e+00 5.661304244200000113e+00 7.334613500860000386e+03
2.481769163090000063e+00 3.876902960070000148e+01 1.067348431429999982e+04
4.192044731980000272e-01 2.490841557570000128e-02 3.676174377899999854e+03
9.157644970189999789e-01 4.549555175489999881e-01 5.255333600400000250e+03
1.929415126249999890e+00 1.380487119220000025e+01 8.797807877200000803e+03
1.371950321039999920e+00 3.113270995060000157e+00 6.594601568410000255e+03
1.441888252750000099e+00 3.899042054810000213e+00 6.836110387640000226e+03
1.649802179769999988e+00 7.074723493999999668e+00 7.676293940730000031e+03
1.190869147089999913e+00 1.615226337770000020e+00 6.122222691189999750e+03
3.633505803459999850e-01 1.873818156030000043e-02 3.627313810879999892e+03
4.982925893710000165e-01 3.752623413549999870e-02 3.755892875070000173e+03
5.431968131729999483e-01 4.829661198159999891e-02 3.824341575670000111e+03
1.426469030850000097e+00 3.714722522639999802e+00 6.780052948110000216e+03
6.692287948189999947e-01 1.049571587929999938e-01 4.156555409169999621e+03
2.031949884009999874e+00 1.713439005129999870e+01 9.177128084730000410e+03
2.040125344170000132e-01 5.915508739799999784e-03 3.312223140770000100e+03
7.522575041650000349e-01 1.769106797049999902e-01 4.490800176249999822e+03
5.942645317029999763e-01 6.556136390050000540e-02 3.932323081879999791e+03
6.513416452210000207e-01 9.370379734669999350e-02 4.095843925799999852e+03
1.505683014159999944e+00 4.732297798180000292e+00 7.081358729589999712e+03
1.091377092769999946e+00 1.066403769639999943e+00 5.882506660179999926e+03
7.624101564280000298e-01 1.883220748649999943e-01 4.536500193920000129e+03
5.319168605309999576e-01 4.526000186799999936e-02 3.805007199919999948e+03
8.423651378130000422e-01 3.030245341700000261e-01 4.913962463159999970e+03
2.440946648899999794e+00 3.626826722309999695e+01 1.054713171150000016e+04
5.297990092350000069e-01 4.471666223290000214e-02 3.801546005839999907e+03
6.275632142229999877e-01 8.064783834300000287e-02 4.022090970929999912e+03
7.709014504479999585e-01 1.983655867459999944e-01 4.575306170939999902e+03
4.754200186359999747e-01 3.320653548270000033e-02 3.728777716399999917e+03
6.512545776339999648e-01 9.365215007459999630e-02 4.095559287330000188e+03
6.480797253860000051e-01 9.178885114050000515e-02 4.085252895619999890e+03
1.075816586359999993e+00 9.951919600819999490e-01 5.839409663290000026e+03
9.977049640199999736e-01 6.908017865769999766e-01 5.587499304789999769e+03
2.643190491229999939e+00 4.987222731159999967e+01 1.115826449049999974e+04
1.082783311170000040e+00 1.026613594300000099e+00 5.858960264270000152e+03
6.880884155959999804e-01 1.182952981540000004e-01 4.225266735320000407e+03
1.600905148280000079e+00 6.203902282669999657e+00 7.471857293879999816e+03
7.321562265209999865e-01 1.561428058609999892e-01 4.402931604100000186e+03
4.323731490619999729e-01 2.661579409880000108e-02 3.687377539739999975e+03
8.172508547119999855e-01 2.618772752030000261e-01 4.793649259159999929e+03
6.032006114029999644e-01 6.927599826249999926e-02 3.954871283320000202e+03
8.839883465440000476e-01 3.829944377610000061e-01 5.110850588870000138e+03
5.920301557029999939e-01 6.466822838110000693e-02 3.926860103489999801e+03
4.173782563160000070e-01 2.468087105260000080e-02 3.674643184919999840e+03
8.263068829009999616e-01 2.761348903899999985e-01 4.837017255839999962e+03
3.653326648479999772e-01 1.893439165250000028e-02 3.629242306709999866e+03
7.667016495570000423e-01 1.933401561970000127e-01 4.556050463319999835e+03
1.101128769890000081e+00 1.112948261219999901e+00 5.908494877340000130e+03
1.190540819780000037e+00 1.613127949479999934e+00 6.121482202230000439e+03
2.310889745970000075e-01 7.732021877260000266e-03 3.396556073860000197e+03
4.742383077210000075e-01 3.300082437549999720e-02 3.727492897229999926e+03
8.663096493209999638e-01 3.471428732460000166e-01 5.027963660860000346e+03
5.979568328230000507e-01 6.706821120500000566e-02 3.941503731700000117e+03
1.058050299150000040e+00 9.183684082199999876e-01 5.787550825309999709e+03
4.795531069669999868e-01 3.393875969949999849e-02 3.733354920430000220e+03
7.383014132870000523e-01 1.622423975529999896e-01 4.429394733359999918e+03
5.756615611630000462e-01 5.853660849000000277e-02 3.888946571269999822e+03
8.406008869479999479e-01 2.999671997169999771e-01 4.905516691879999598e+03
1.565343328870000050e+00 5.620770594229999695e+00 7.324045349420000093e+03
9.373359380619999959e-01 5.096895008230000190e-01 5.349061367350000182e+03
1.713220149360000111e+00 8.329889840919999955e+00 7.940135684969999602e+03
9.030930156109999718e-01 4.250601975609999972e-01 5.198534482310000385e+03
9.389477954910000479e-01 5.139799167919999467e-01 5.355900955899999644e+03
4.666727552620000274e-01 3.172070098689999673e-02 3.719505068859999938e+03
1.491491562880000066e+00 4.536815778000000243e+00 7.025219764939999550e+03
6.064620124549999769e-01 7.069025409920000336e-02 3.963381044750000001e+03
5.180805721129999597e-01 4.185396378330000222e-02 3.783321925719999854e+03
3.770641082480000073e+00 1.996687600260000011e+02 1.405542971260000013e+04
5.687622267640000118e-01 5.615762057760000092e-02 3.874060243439999795e+03
7.396419538239999980e-01 1.636016810539999977e-01 4.435216057130000081e+03
4.736002978210000158e+00 4.813514456749999795e+02 1.607250648089999959e+04
1.316720539729999917e+00 2.579382910360000114e+00 6.429259049229999619e+03
1.290151937899999934e+00 2.347820115949999842e+00 6.357737176390000059e+03
3.673811829260000272e-01 1.913859161030000144e-02 3.631210902350000197e+03
6.105983871200000301e-01 7.253042130619999361e-02 3.974390518929999871e+03
4.109699115479999998e-01 2.389881783950000005e-02 3.669289511490000223e+03
7.676851813249999656e-01 1.945068090169999875e-01 4.560549222589999772e+03
8.074336087629999659e-01 2.471321923079999872e-01 4.746774688900000001e+03
8.679796073800000178e-01 3.504073180130000131e-01 5.035851033789999747e+03
1.849288913549999913e+00 1.154569219529999913e+01 8.489074303269999291e+03
1.616632405030000053e+00 6.475105691589999601e+00 7.537562032240000008e+03
1.345184588059999964e+00 2.845422356009999820e+00 6.511570170269999835e+03
8.367804622119999758e-01 2.934348325769999821e-01 4.887217001920000257e+03
1.602699711070000088e+00 6.234429489820000114e+00 7.479347970750000059e+03
2.137836158469999859e+00 2.114241888620000154e+01 9.552482574559999193e+03
2.958558965429999854e-01 1.268393861069999975e-02 3.540541925349999929e+03
7.405011893370000431e-01 1.644783946850000012e-01 4.438956224509999629e+03
1.894322119359999945e+00 1.278013999210000051e+01 8.663983366459999161e+03
1.867288824859999918e+00 1.202845583100000049e+01 8.559413095780000731e+03
6.357217052910000277e-01 8.489650169890000653e-02 4.046491331220000120e+03
1.405556090849999995e+00 3.474898388839999797e+00 6.706451102060000267e+03
1.095096779039999912e+00 1.083983934499999968e+00 5.892511638310000308e+03
6.106366452150000512e-01 7.254768755859999918e-02 3.974493480680000175e+03
7.166993709260000012e-01 1.417259539540000057e-01 4.338086173140000028e+03
4.333604947740000157e-01 2.674880454010000047e-02 3.688233612259999973e+03
9.668852307690000147e-01 5.929744057060000184e-01 5.470470324900000378e+03
8.174212577770000321e-01 2.621396796380000005e-01 4.794464438310000332e+03
5.234005115980000511e-01 4.312406243659999694e-02 3.791403475959999923e+03
6.427475388419999769e-01 8.874565454020000299e-02 4.068262915790000079e+03
7.940067469820000223e-01 2.281205697689999978e-01 4.683078992769999786e+03
6.994405135079999614e-01 1.271104179260000022e-01 4.268848508549999679e+03
2.073280038250000068e+00 1.862775016160000163e+01 9.325614416390000770e+03
5.352380456399999931e-01 4.612877959699999975e-02 3.810541257490000135e+03
1.476710121320000013e+00 4.339454466150000300e+00 6.967619111330000123e+03
7.333936791409999545e-01 1.573538603469999964e-01 4.408230575530000351e+03
5.156907261309999768e-01 4.129879881100000094e-02 3.779792647060000036e+03
1.310895208840000103e+00 2.527245614789999983e+00 6.413154214729999694e+03
1.863577592820000017e+00 1.192776972320000084e+01 8.544957021309999618e+03
1.125467795160000062e+00 1.235592220080000025e+00 5.970149761759999819e+03
7.762544454919999559e-01 2.049380428950000055e-01 4.600013823459999912e+03
8.877422861720000169e-01 3.909820311130000059e-01 5.128252775379999548e+03
1.524232437680000052e+00 4.996845759350000193e+00 7.155800708320000012e+03
1.429431612319999934e+00 3.749637809889999840e+00 6.790710131750000073e+03
5.362790566259999503e-01 4.640536617319999946e-02 3.812302861570000005e+03
6.359794713130000332e-01 8.503456109790000217e-02 4.047277702890000000e+03
4.719180777390000192e-01 3.260152340979999980e-02 3.725000115540000024e+03
6.574657677570000525e-01 9.741110844030000104e-02 4.116130840060000082e+03
1.870523936419999922e-01 4.870930479750000021e-03 3.251026186279999820e+03
4.639602168790000203e-01 3.127671517839999971e-02 3.716736054269999840e+03
8.414443715680000047e-01 3.014256790150000032e-01 4.909555049859999599e+03
1.189153468490000032e+00 1.604283456649999939e+00 6.118352878040000178e+03
5.905261392180000124e-01 6.407486629399999911e-02 3.923222038150000117e+03
2.619603976520000210e-01 9.994674817849999796e-03 3.474455827169999793e+03
1.572702381370000069e+00 5.738073987469999970e+00 7.354508232379999754e+03
1.133125430210000006e+00 1.276194070899999922e+00 5.988790563499999735e+03
1.416595636630000099e+00 3.600055035180000029e+00 6.744942057109999951e+03
1.133744782910000026e+00 1.279521012620000064e+00 5.990284517310000410e+03
9.578269291750000081e-01 5.663855603809999639e-01 5.434171751490000133e+03
6.876738737559999759e-01 1.179849046789999967e-01 4.223706212459999733e+03
4.553761409489999745e-01 2.992075202970000125e-02 3.708272185039999840e+03
5.015887421829999804e-01 3.820623313589999875e-02 3.760187337790000129e+03
4.066361707710000051e-01 2.338375419119999993e-02 3.665673563060000106e+03
7.241519378909999638e-01 1.485149757589999953e-01 4.369034037139999782e+03
3.100585751650000166e-01 1.387340542869999922e-02 3.563070037940000020e+03
6.186871291019999664e-01 7.628373066150000159e-02 3.996622323680000136e+03
1.263468028839999924e-01 1.854983534600000055e-03 2.971053593749999891e+03
7.136695728949999928e-01 1.390500118549999886e-01 4.325680669239999588e+03
1.948859987320000098e+00 1.439703931180000041e+01 8.871032317260000127e+03
1.776351678800000000e+00 9.729440912419999421e+00 8.198387427989999196e+03
1.405508663330000019e+00 3.474367588199999801e+00 6.706287536410000030e+03
1.274279977640000006e+00 2.216957959870000217e+00 6.317226266620000388e+03
6.954867755000000429e-01 1.239704428559999932e-01 4.253486077950000436e+03
4.843392973130000279e+00 5.252050493240000151e+02 1.627783490229999916e+04
1.028538014170000015e+00 8.008540158850000479e-01 5.694518457019999914e+03
6.531453126170000401e-01 9.478034378779999491e-02 4.101764322940000056e+03
1.150300750119999993e+00 1.370879157080000077e+00 6.029553114839999580e+03
6.424242613999999740e-01 8.856457547109999884e-02 4.067245778760000121e+03
9.314030908449999480e-01 4.941411153599999939e-01 5.323683502259999841e+03
4.520355112359999983e-01 2.941227366830000134e-02 3.705090820410000106e+03
1.678982964450000059e+00 7.634133089319999677e+00 7.798079111680000096e+03
1.567840733529999975e+00 5.660384736940000217e+00 7.334374252110000270e+03
7.422056502589999827e-01 1.662302262950000054e-01 4.446395953670000381e+03
8.970667691350000528e-01 4.114076251970000264e-01 5.171122698569999557e+03
3.157292217609999896e-01 1.435930766889999960e-02 3.571322452249999969e+03
5.659519138509999658e-01 5.522157983070000165e-02 3.868179185059999782e+03
1.987225294669999975e+00 1.561774344110000001e+01 9.013599866399999883e+03
4.543732402019999839e-01 2.976700483600000155e-02 3.707310882709999987e+03
1.211357907420000046e+00 1.750216159969999907e+00 6.168498328319999928e+03
7.420060385490000465e-01 1.660241911969999873e-01 4.445523286280000320e+03
7.277875811430000175e-01 1.519357991970000099e-01 4.384348375980000128e+03
8.553515584659999726e-01 3.263364815120000095e-01 4.975972266320000017e+03
7.204620794199999567e-01 1.451165304360000075e-01 4.353635458259999723e+03
2.877984195419999724e-01 1.202585691199999952e-02 3.526486903670000174e+03
2.744912876289999915e-01 1.096471286809999959e-02 3.501075082729999849e+03
3.958273255190000173e-01 2.214383474869999896e-02 3.656594305260000056e+03
1.232571507609999895e+00 1.898572225039999894e+00 6.217061860079999860e+03
8.673866402000000031e-01 3.492453115360000249e-01 5.033051604260000204e+03
9.447909736320000418e-01 5.297729877119999875e-01 5.380492655449999802e+03
3.768483317269999966e-01 2.010199710169999904e-02 3.640017263799999910e+03
1.048852667090000024e+00 8.804184457620000126e-01 5.759509735130000081e+03
6.160098493040000456e-01 7.501832531169999596e-02 3.989160745369999859e+03
4.160056906660000164e-01 2.451124301170000061e-02 3.673494443210000099e+03
5.307135904659999737e-01 4.495029311919999937e-02 3.803034273560000202e+03
6.130504410649999514e-01 7.364629829669999683e-02 3.981031635660000120e+03
1.665854925259999897e+00 7.378700958059999593e+00 7.743348230450000301e+03
1.201900161760000030e+00 1.686908501440000041e+00 6.147104201150000335e+03
7.007607448299999486e-01 1.281757386100000062e-01 4.274020285479999984e+03
1.098566976419999897e+00 1.100581881269999895e+00 5.901747877069999959e+03
1.470569483400000044e+00 4.259311611570000267e+00 6.943979223760000423e+03
5.843330290639999758e-01 6.169661537249999939e-02 3.908572330619999775e+03
9.198495251410000462e-01 4.649435527240000088e-01 5.273382864610000070e+03
1.012956517989999972e+00 7.436663464370000254e-01 5.641712379720000172e+03
5.826699053780000082e-01 6.107543402829999912e-02 3.904728463460000057e+03
3.943938303000000256e-01 2.198388636640000171e-02 3.655377301760000137e+03
7.088303419899999458e-01 1.348746195609999976e-01 4.306084313690000272e+03
5.402455407130000165e-01 4.747829840909999904e-02 3.819134406860000126e+03
7.767392892459999976e-01 2.055427040530000138e-01 4.602260329660000025e+03
1.765449044599999961e+00 9.476619592209999610e+00 8.154192553359999692e+03
2.817696040189999973e+00 6.424869652050000468e+01 1.165839452999999958e+04
7.623277161229999876e-01 1.882268227049999909e-01 4.536125926509999772e+03
5.867367663289999591e-01 6.260739536770000557e-02 3.914195294959999956e+03
4.543694956339999758e-01 2.976643255910000133e-02 3.707307303619999857e+03
2.662315900639999899e+00 5.132279685369999811e+01 1.121423219849999987e+04
7.595676361830000500e-01 1.850625166819999945e-01 4.523624678430000131e+03
9.967436377880000142e-01 6.875729961730000506e-01 5.584003743909999685e+03
4.674556228439999961e-01 3.185027946019999834e-02 3.720313242530000025e+03
2.204626261219999883e-01 6.998814687719999775e-03 3.365341376450000098e+03
4.999091222770000176e-01 3.785777705300000240e-02 3.757985650619999888e+03
1.067453980160000038e+00 9.584456721770000520e-01 5.815367661770000268e+03
5.874238987900000097e-01 6.287059867359999499e-02 3.915817350450000049e+03
6.178009855239999792e-01 7.586233264889999384e-02 3.994141335239999989e+03
7.737935820610000182e-01 2.018931075460000113e-01 4.588633236820000093e+03
7.361169229039999928e-01 1.600494968320000100e-01 4.419945357589999730e+03
5.901078190920000521e-01 6.391094174509999448e-02 3.922215760269999919e+03
5.820952886300000406e-01 6.086250342130000018e-02 3.903409227350000037e+03
3.941796524050000250e-01 2.196007452750000158e-02 3.655195113549999860e+03
1.084366516660000057e+00 1.033857999819999929e+00 5.863344569480000246e+03
7.172473710410000036e-01 1.422150929609999892e-01 4.340340992209999968e+03
7.590366365009999505e-01 1.844592305920000064e-01 4.521226201780000338e+03
2.085588882340000172e+00 1.908982947129999985e+01 9.369337631140000667e+03
5.826427489380000546e-01 6.106535143410000283e-02 3.904666014169999926e+03
6.662875846529999757e-01 1.030166139289999949e-01 4.146269522419999703e+03
1.102297576560000048e+00 1.118619532150000095e+00 5.911549508310000419e+03
1.122908387939999919e+00 1.222239963919999894e+00 5.963845764200000303e+03
6.456214275689999837e-01 9.037254725929999566e-02 4.077370114570000169e+03
3.942672448569999877e-01 2.196981018359999913e-02 3.655269634740000129e+03
4.435555177500000168e-01 2.816669945870000150e-02 3.697260716490000050e+03
5.703478793649999767e-01 5.669408908520000290e-02 3.877424942959999953e+03
9.160977815070000529e-01 4.557639335550000004e-01 5.256811150100000305e+03
1.102789813990000090e+00 1.121014455370000107e+00 5.912832903759999681e+03
1.219675078020000081e+00 1.807323159529999890e+00 6.187418030259999796e+03
9.215928381260000135e-01 4.692588975979999910e-01 5.281044525809999868e+03
8.437162785280000188e-01 3.053835004229999983e-01 4.920427983280000262e+03
5.959444765829999824e-01 6.624213977380000173e-02 3.936476458659999935e+03
1.562456612399999889e+00 5.575229152010000355e+00 7.312118763460000082e+03
1.420928535939999904e+00 3.650056609259999973e+00 6.760272343339999679e+03
1.347094008660000064e+00 2.863953927849999914e+00 6.517311748219999572e+03
7.937763260810000165e-01 2.278056436639999960e-01 4.681991372749999755e+03
3.509546547640000069e-01 1.753970639950000118e-02 3.614659053200000017e+03
8.677810689889999818e-01 3.500179003180000081e-01 5.034913873950000379e+03
4.093091334599999742e-01 2.370015819069999988e-02 3.667904145489999792e+03
1.572560317460000023e+00 5.735793030630000011e+00 7.353919408859999749e+03
1.259685871290000092e+00 2.101419574499999943e+00 6.281255778929999906e+03
2.240913204049999941e+00 2.564521409250000161e+01 9.902929188309999518e+03
1.209047240949999935e+00 1.734589940450000034e+00 6.163262021010000353e+03
5.325756519840000314e-01 4.543069812489999859e-02 3.806094575569999961e+03
1.601013940859999929e+00 6.205749895280000317e+00 7.472311345269999947e+03
1.064605600779999994e+00 9.461683696289999723e-01 5.807030902239999705e+03
8.752277229079999943e-01 3.648687840939999760e-01 5.069953836730000148e+03
7.745533091039999984e-01 2.028288714010000049e-01 4.592142770409999684e+03
8.309941494850000554e-01 2.837680933549999729e-01 4.859484314020000056e+03
1.070169392399999975e+00 9.702623827449999849e-01 5.823244624900000417e+03
3.927957968510000231e-01 2.180675280569999847e-02 3.654015570279999793e+03
1.403109294290000086e+00 3.447590727210000150e+00 6.698033118270000159e+03
1.995450172269999989e+00 1.588865586360000037e+01 9.043839427900000373e+03
4.413221902860000045e-01 2.784893671169999876e-02 3.695250823880000098e+03
1.002543941869999955e+00 7.072427022620000336e-01 5.604961366319999797e+03
1.066891360350000095e+00 9.560110686599999630e-01 5.813727005880000434e+03
4.250115939090000072e-01 2.564651349790000173e-02 3.681072881239999788e+03
1.223308436089999951e+00 1.832696687299999905e+00 6.195726645079999798e+03
6.594934053690000297e-01 9.867141991559999492e-02 4.122962821019999865e+03
5.121083015030000185e-01 4.048394338780000185e-02 3.774617029519999960e+03
1.335552085250000021e+00 2.753262053189999836e+00 6.483030574540000089e+03
5.645727532280000460e-01 5.476903434370000018e-02 3.865331376730000102e+03
6.680126162599999695e-01 1.041503305180000033e-01 4.152287933130000056e+03
4.274692273390000019e-01 2.596579927559999890e-02 3.683163804960000107e+03
3.363062469259999965e+00 1.283084485770000072e+02 1.309040339219999987e+04
6.333833379879999503e-01 8.365488503069999637e-02 4.039400823070000115e+03
1.521519870739999947e+00 4.957512593569999737e+00 7.144847084209999593e+03
4.880549820310000064e-01 3.550995964140000322e-02 3.743201517370000147e+03
8.769387942059999608e-01 3.683528914950000011e-01 5.077970943710000029e+03
1.187808926720000047e+00 1.595746189730000042e+00 6.115319370090000120e+03
4.118462164949999726e-01 2.400429234530000039e-02 3.670020576979999987e+03
2.891532838040000164e-01 1.213568636809999983e-02 3.528918202010000186e+03
5.759815219760000549e-01 5.864979065659999685e-02 3.889652510209999946e+03
3.662772162929999742e-01 1.902836564460000032e-02 3.630153038230000220e+03
3.652544061690000121e-01 1.892661939510000002e-02 3.629166613639999923e+03
1.947176718919999994e+00 1.434508011349999990e+01 8.864719461200000296e+03
4.454605792620000004e-01 2.844106569509999988e-02 3.698991419510000014e+03
3.592220771040000038e-01 1.833367545490000028e-02 3.623217422119999810e+03
2.158901270099999881e-01 6.691183291410000150e-03 3.351172277929999836e+03
1.294084991899999926e+00 2.381101631679999997e+00 6.368020887259999654e+03
5.484716341549999985e-01 4.980296341030000101e-02 3.833916476209999928e+03
7.568375110460000554e-01 1.819794312590000129e-01 4.511316104690000429e+03
2.198264448000000204e+00 2.370696119089999954e+01 9.759602393380000649e+03
2.721509600770000148e+00 5.600343083589999793e+01 1.138560863319999953e+04
7.494344487170000457e-01 1.738500612349999919e-01 4.478240589930000169e+03
5.284861719869999863e-01 4.438394912899999711e-02 3.799426655969999956e+03
9.037336996010000290e-01 4.265328568339999959e-01 5.201434283970000251e+03
2.123252297890000140e+00 2.055441724159999950e+01 9.501751781369999662e+03
3.663278557569999982e-01 1.903341248669999930e-02 3.630201716839999790e+03
8.696686394079999882e-01 3.537346070690000066e-01 5.043817522330000429e+03
9.011753904979999952e-01 4.206768115530000185e-01 5.189838200090000100e+03
2.739801217320000148e+00 5.750945085619999730e+01 1.143801599689999966e+04
4.274547839339999933e-01 2.596391046509999995e-02 3.683151479669999844e+03
1.278860468990000054e+00 2.254160908719999856e+00 6.328760328729999856e+03
3.255526222189999985e-01 1.521689008399999994e-02 3.584702787719999833e+03
1.266201724619999913e+00 2.152444478680000106e+00 6.297175056799999766e+03
1.287560981529999982e+00 2.326082038250000039e+00 6.351017428529999961e+03
2.813134792379999860e-01 1.150475500179999958e-02 3.514456368420000217e+03
3.100960196129999846e-01 1.387659279639999986e-02 3.563125862719999986e+03
5.110337691699999851e-01 4.024351241270000129e-02 3.773091090509999958e+03
2.946961526369999973e+00 7.665306987309999442e+01 1.201461794890000056e+04
1.095747367580000020e+00 1.087081176000000093e+00 5.894250334669999575e+03
1.382932011829999919e+00 3.228286518290000018e+00 6.630241542380000283e+03
4.867123187080000246e-01 3.525581074010000066e-02 3.741606273330000022e+03
6.870054468249999768e-01 1.174860868389999979e-01 4.221194615579999663e+03
1.347325685439999976e+00 2.866208381129999871e+00 6.518010295340000084e+03
1.009315477639999958e+00 7.307688913419999599e-01 5.628995113809999566e+03
7.142235656790000276e-01 1.395357218730000071e-01 4.327941226480000296e+03
2.687158818600000054e-01 1.051408329510000045e-02 3.489142718690000038e+03
1.067664619819999938e+00 9.593583782739999455e-01 5.815981146490000356e+03
1.673320820220000060e+00 7.523203937129999908e+00 7.774487748069999725e+03
1.302689975470000094e+00 2.455117376820000086e+00 6.390880288710000059e+03
2.980816266640000101e-01 1.286782311209999988e-02 3.544256757010000001e+03
9.197995525469999656e-01 4.648203201739999901e-01 5.273162875359999816e+03
8.452288483950000098e-01 3.080424288609999728e-01 4.927662926809999590e+03
3.905931732690000047e-01 2.156459051439999983e-02 3.652128970870000103e+03
5.453766176340000271e+00 8.374268047870000373e+02 1.737129627899999832e+04
7.910669908309999609e-01 2.241308277859999920e-01 4.669219450900000083e+03
9.529564956310000445e-01 5.524810973260000369e-01 5.414311860540000453e+03
6.408335041599999560e-01 8.767916425459999774e-02 4.062262302499999805e+03
9.469974113610000188e-01 5.358351795060000144e-01 5.389694686859999820e+03
4.649669704509999946e-01 3.144060352289999860e-02 3.717758189369999855e+03
1.373191301739999926e+00 3.126116979199999868e+00 6.598583693999999923e+03
4.745968967959999785e-01 3.306307863599999841e-02 3.727881675699999960e+03
8.366327250449999697e-01 2.931846321000000088e-01 4.886509113459999753e+03
8.157625942020000354e-01 2.595949624650000231e-01 4.786531549059999634e+03
4.387426136400000010e-01 2.748700096280000046e-02 3.692953268499999922e+03
1.062968011239999955e+00 9.391643439769999935e-01 5.802203192279999712e+03
7.357344486939999539e-01 1.596683571760000031e-01 4.418295649620000404e+03
5.254929878530000265e-01 4.363692263800000165e-02 3.794668903409999984e+03
6.924740982589999705e-01 1.216282672330000064e-01 4.241911176509999677e+03
4.979920547789999929e-01 3.746500328829999865e-02 3.755506546980000167e+03
1.628775572619999945e+00 6.690225358060000183e+00 7.588350000610000279e+03
1.144522976259999991e+00 1.338461636879999972e+00 6.015985242499999913e+03
3.043800714459999890e-01 1.339321373830000030e-02 3.554392059490000065e+03
7.269885830550000261e-01 1.511778019209999990e-01 4.380970873799999936e+03
1.309122081760000000e+00 2.511529689610000116e+00 6.408300610369999958e+03
5.527292400100000114e-01 5.106101410700000093e-02 3.841899557830000049e+03
1.659520762519999915e+00 7.257665151280000337e+00 7.716903804300000047e+03
6.712991146860000091e-01 1.063450899859999937e-01 4.163866213969999990e+03
7.455662271830000298e-01 1.697340606240000105e-01 4.461142318250000244e+03
3.578301249149999919e-01 1.819853023680000070e-02 3.621810814309999841e+03
3.803647520010000171e+00 2.064925128859999859e+02 1.413023387010000079e+04
1.708798695440000071e+00 8.237595410590000000e+00 7.921856315099999847e+03
7.220250343240000035e-01 1.465470947660000023e-01 4.360140045619999910e+03
8.505253087020000491e-01 3.175051808900000161e-01 4.952966446739999810e+03
8.143363191569999993e-01 2.574235934940000137e-01 4.779713680230000136e+03
5.899929347569999871e-01 6.386600695520000537e-02 3.921939829490000193e+03
1.263370205660000023e+00 2.130160890159999987e+00 6.290230412130000332e+03
5.431266992690000350e-01 4.827696998540000062e-02 3.824216628359999959e+03
4.366381857669999755e-01 2.719567863099999969e-02 3.691096588309999788e+03
7.578968869800000174e-01 1.831702626180000126e-01 4.516085368269999890e+03
1.644927243920000004e+00 6.984209558649999927e+00 7.655911249499999940e+03
7.666314982869999461e-01 1.932571814169999902e-01 4.555729839390000052e+03
1.287728391059999922e+00 2.327482136950000058e+00 6.351450313899999855e+03
5.117903184809999839e-01 4.041260400390000312e-02 3.774164201520000006e+03
3.708464676209999866e-01 1.948738751259999902e-02 3.634487372439999945e+03
1.111776963959999920e+00 1.165421791950000063e+00 5.935957492239999738e+03
5.993966866519999659e-01 6.766642907330000511e-02 3.945135679299999993e+03
2.110941644960000030e+00 2.006720892430000092e+01 9.458695304310000211e+03
4.173319363610000221e-01 2.467512727680000115e-02 3.674604391589999977e+03
7.203865133669999921e-01 1.450476969560000051e-01 4.353321647859999757e+03
8.735825307119999827e-01 3.615442350509999736e-01 5.062232821290000174e+03
4.485675782849999904e-01 2.889523772179999894e-02 3.701848287650000202e+03
1.114452105880000099e+00 1.178891745889999898e+00 5.942732669969999733e+03
6.138772771279999985e-01 7.402683299600000544e-02 3.983290301449999788e+03
7.279299002919999984e-01 1.520711841650000118e-01 4.384950680439999815e+03
5.823733864750000322e-01 6.096544770730000229e-02 3.904047133300000041e+03
1.028462379870000110e+00 8.005684944469999564e-01 5.694268408789999739e+03
6.758838256320000015e-01 1.094843032989999965e-01 4.180261869959999785e+03
5.597781681250000307e-01 5.323000509910000289e-02 3.855625887430000148e+03
1.001832051769999898e+00 7.048038729100000177e-01 5.602405790380000326e+03
1.559915155870000014e-01 3.174774886929999929e-03 3.120634357620000173e+03
7.511414618480000138e-01 1.756949580140000078e-01 4.485826955900000030e+03
5.361056297980000274e-01 4.635914531020000201e-02 3.812008488370000123e+03
1.142265980909999978e+00 1.325954856080000077e+00 6.010647616610000114e+03
4.919061173540000276e-01 3.625191509450000071e-02 3.747864399109999795e+03
2.729031669449999975e-01 1.084019855209999994e-02 3.497850070750000214e+03
1.521117246690000036e+00 4.951693417199999558e+00 7.143223109450000265e+03
7.099023291420000215e-01 1.357891923389999977e-01 4.310401896309999756e+03
1.083229551739999907e+00 1.028651584949999975e+00 5.860198181710000426e+03
4.504365241289999822e-01 2.917253316190000084e-02 3.703588431550000223e+03
5.547443542900000191e-01 5.166994935330000011e-02 3.845758297469999889e+03
2.805527944630000214e-01 1.144412538959999927e-02 3.513001727419999952e+03
1.447538286319999923e+00 3.968204634580000167e+00 6.857005568419999690e+03
5.484363970819999823e-01 4.979271065620000103e-02 3.833851361070000166e+03
3.994669188980000119e-01 2.255453173909999914e-02 3.659667754279999826e+03
1.268241156270000003e+00 2.168599968280000123e+00 6.302203326120000384e+03
5.255221563469999468e-01 4.364412583849999749e-02 3.794714773239999886e+03
1.025479893520000019e+00 7.893717611949999657e-01 5.684359721730000274e+03
4.647053799199999946e-01 3.139791839799999790e-02 3.717491975399999774e+03
8.004285862150000153e-01 2.370502098320000084e-01 4.713472032110000328e+03
7.895056606720000092e-01 2.220365534360000115e-01 4.661873656699999628e+03
7.236615752139999858e-01 1.480591050149999977e-01 4.366979201439999997e+03
1.290652717399999982e+00 2.352038708779999876e+00 6.359040951529999802e+03
9.183507994399999763e-01 4.612590003240000236e-01 5.266776400079999803e+03
1.882254845879999916e+00 1.244060690190000074e+01 8.617463560140000482e+03
1.560779349029999929e+00 5.548890109270000259e+00 7.305195478519999597e+03
1.652605698929999978e+00 7.127154710490000156e+00 7.688012449259999812e+03
1.041155909880000063e+00 8.495925998829999548e-01 5.735389547370000400e+03
5.397808732900000184e-01 4.735102573489999994e-02 3.818324254050000036e+03
8.058768431759999462e-01 2.448604068709999970e-01 4.739361489619999702e+03
1.862577555849999955e+00 1.190074117540000032e+01 8.541057523560000845e+03
1.356777909909999913e+00 2.959292714150000059e+00 6.546861498309999661e+03
5.381410015240000178e-01 4.690523106859999930e-02 3.815486060639999778e+03
3.834277053099999777e-01 2.079205528569999864e-02 3.645897613459999775e+03
6.071890465070000076e-01 7.100989745529999453e-02 3.965298564660000011e+03
1.220384890150000068e+00 1.812259648529999989e+00 6.189038871329999893e+03
1.348328588059999888e-01 2.200611357019999822e-03 3.016703354520000175e+03
7.551742555249999489e-01 1.801237906810000122e-01 4.503846062720000191e+03
1.745815828080000021e+00 9.033182811790000599e+00 8.074161368600000060e+03
7.810617673959999729e-01 2.110029925199999878e-01 4.622348062729999583e+03
1.319412357780000100e+00 2.603737922450000131e+00 6.436784244600000420e+03
3.580860445549999826e-01 1.822333174939999925e-02 3.622070426169999791e+03
6.570259182340000281e-01 9.713989085599999962e-02 4.114656339209999715e+03
1.271536358979999948e+00 2.194890624160000137e+00 6.310375614569999925e+03
6.260524388089999670e-01 7.988636618449999893e-02 4.017676667939999788e+03
1.459052156050000049e+00 4.111879642359999920e+00 6.900138149250000424e+03
1.630190974690000072e+00 6.715627566990000297e+00 7.594271072479999930e+03
4.625253302189999971e-01 3.104493555269999955e-02 3.715290378589999818e+03
6.552822968179999874e-01 9.607233532999999437e-02 4.108837735449999855e+03
3.534262569220000261e-01 1.777490874870000029e-02 3.617270393830000103e+03
5.687723081009999682e+00 9.905733333069999844e+02 1.775438915179999822e+04
1.243579733610000071e+00 1.979105515210000110e+00 6.242768702780000240e+03
6.818320965839999914e+00 2.105481090889999905e+03 1.938230095449999862e+04
9.784300845619999798e-01 6.282646627150000329e-01 5.515498107880000134e+03
4.561914340909999921e-01 3.004644069719999977e-02 3.709057703250000031e+03
5.167302694040000199e-01 4.153913413270000216e-02 3.781320218759999989e+03
2.361418888869999955e-01 8.089265207870000723e-03 3.410579744000000119e+03
7.068118798360000232e-01 1.331684011879999963e-01 4.297991272530000060e+03
1.813556606049999909e+00 1.062832460619999964e+01 8.347778723220000757e+03
6.458424228150000390e-01 9.049893394300000116e-02 4.078075270119999914e+03
1.208711109560000052e+00 1.732325414069999958e+00 6.162500888440000381e+03
7.325656479359999862e-01 1.565425396200000041e-01 4.404683117409999795e+03
6.031418800150000203e-01 6.925082226690000564e-02 3.954719417480000175e+03
5.330895000549999985e-01 4.556439740309999736e-02 3.806946261380000124e+03
2.314416731340000144e+00 2.924657095599999934e+01 1.014478087849999974e+04
3.211008057829999873e-01 1.482568648030000054e-02 3.578777660920000017e+03
3.252138878920000087e-01 1.518697066159999977e-02 3.584259764280000127e+03
5.807710951800000299e-01 6.037508940229999871e-02 3.900386316839999836e+03
2.690775868959999761e-01 1.054212846180000059e-02 3.489906679759999861e+03
7.879953963750000456e-01 2.200269730199999885e-01 4.654778607659999579e+03
8.276414088860000184e-01 2.782903440080000124e-01 4.843413350929999979e+03
1.547687791820000047e+00 5.346361251050000263e+00 7.251335670249999566e+03
1.545365925030000032e+00 5.311003290240000396e+00 7.241819475729999795e+03
6.484181379419999836e-01 9.198562060239999505e-02 4.086344720659999894e+03
4.055052047300000129e-01 2.325109098970000107e-02 3.664728934169999775e+03
8.874044516129999671e-01 3.902577043050000083e-01 5.126689878879999924e+03
4.900892622579999802e-01 3.589945855119999751e-02 3.745648281299999780e+03
7.859351949509999491e-01 2.173111661480000012e-01 4.645117325840000376e+03
2.277881711590000080e+00 2.741439857219999965e+01 1.002536032030000024e+04
2.387782421639999875e+00 3.318660523549999652e+01 1.038011489590000019e+04
