2.468495492609999786e+00 3.903330535749999797e+01 1.055066291930000079e+04
4.005926447359999809e-01 2.268431076549999939e-02 3.660605279030000020e+03
6.223225206360000206e-01 7.806510111019999976e-02 4.007039997530000164e+03
1.223252579650000005e+00 1.842321713340000056e+00 6.197776865759999964e+03
3.947588455059999890e-01 2.202581904350000078e-02 3.655678838769999857e+03
8.184792313880000503e-01 2.640519258960000171e-01 4.800186863650000305e+03
8.101098490379999850e-01 2.513353953779999816e-01 4.760177731640000275e+03
3.687923286429999781e+00 2.019493691570000067e+02 1.351966401539999970e+04
1.323177917510000023e+00 2.656003742519999822e+00 6.448960325179999927e+03
6.712709563369999577e-01 1.063788243009999995e-01 4.164014531220000208e+03
1.495428534560000022e+00 4.631878709489999579e+00 7.039556005520000326e+03
3.259932683669999887e-01 1.525644818019999960e-02 3.585271487420000085e+03
5.839323232119999485e-01 6.156073535070000213e-02 3.907701359189999948e+03
1.424514488500000065e+00 3.721653614320000081e+00 6.773298603059999550e+03
1.070829391450000001e+00 9.763686495460000003e-01 5.826881677090000267e+03
6.522586395199999609e-01 9.428951206610000635e-02 4.099040426370000205e+03
8.320926145450000533e-01 2.859007232290000089e-01 4.865434674950000044e+03
1.528081435700000101e+00 5.100868289550000156e+00 7.169406868969999778e+03
1.778040402570000067e+00 9.894856521090000356e+00 8.192632711579999523e+03
8.525980629749999595e-01 3.216622266870000080e-01 4.963572939589999805e+03
9.383857901530000545e-01 5.133313203249999512e-01 5.354320646860000124e+03
9.797621493899999479e-01 6.336423363380000451e-01 5.521385936730000140e+03
2.664159281290000014e-01 1.033657904939999997e-02 3.484228414489999977e+03
9.507503613350000160e-01 5.472171657800000144e-01 5.406039893129999655e+03
6.570384308879999580e-01 9.719046816229999497e-02 4.114903587519999746e+03
1.473332602029999938e+00 4.332731287369999684e+00 6.953923006039999564e+03
7.068716884360000119e-01 1.333045232779999922e-01 4.298599017110000204e+03
6.220836450300000209e-01 7.794830971560000321e-02 4.006357242160000169e+03
7.684244388800000047e-01 1.955541362809999906e-01 4.564459552260000237e+03
1.060588489399999945e+00 9.319321538599999455e-01 5.796705730059999951e+03
1.686913375300000073e+00 7.882119856480000131e+00 7.823361201849999816e+03
6.066400772379999529e-01 7.078873066169999451e-02 3.963943212640000183e+03
7.954180273459999784e-01 2.302777805339999984e-01 4.690355038550000245e+03
8.507992725130000267e-01 3.183832326430000026e-01 4.954990282359999583e+03
1.090631092039999972e+00 1.066883113360000079e+00 5.882576318049999827e+03
2.250979466870000056e+00 2.669505883620000120e+01 9.882012637309999263e+03
5.232426797239999594e-01 4.309137573429999701e-02 3.791157649799999945e+03
9.980330047209999833e-01 6.932992269200000113e-01 5.589447902220000287e+03
1.210249449980000058e+00 1.751943750559999957e+00 6.168204446069999904e+03
5.729275464619999481e-01 5.759213105279999828e-02 3.883015521369999988e+03
6.273726263350000165e-01 8.057904894690000319e-02 4.021664988479999920e+03
1.169917375570000084e+00 1.492439504900000102e+00 6.077076769469999817e+03
1.088111772079999984e+00 1.055024182209999939e+00 5.875674061830000028e+03
1.712095881950000120e-01 3.968591550209999569e-03 3.187606723570000213e+03
6.670339622559999793e-01 1.035552020770000026e-01 4.149103330549999555e+03
4.266739986209999724e-01 2.586384285070000150e-02 3.682475395699999808e+03
6.064754114329999890e-01 7.071641862230000630e-02 3.963509257270000035e+03
1.257568754300000036e+00 2.097365819469999781e+00 6.278159029479999845e+03
3.844378559679999974e+00 2.405281197870000085e+02 1.382823715350000020e+04
7.373671663130000331e-01 1.614207436179999899e-01 4.425787372409999989e+03
8.726128939639999915e-01 3.600667770189999728e-01 5.058425592900000083e+03
3.565410482490000144e-01 1.807477069590000124e-02 3.620489228519999870e+03
1.698266512730000066e+00 8.115262470890000301e+00 7.869971979029999602e+03
1.225704789239999926e+00 1.859744624309999983e+00 6.203393310510000447e+03
8.757384435930000155e-01 3.663902155209999845e-01 5.073101341679999678e+03
7.929150320760000037e-01 2.268463467719999960e-01 4.678529444460000377e+03
5.672849073500000339e-01 5.567445295770000191e-02 3.870993641370000205e+03
4.525486733579999754e-01 2.949209170689999840e-02 3.705563634069999807e+03
7.956251324390000157e-01 2.305637086700000060e-01 4.691334640029999719e+03
7.252736849980000455e-01 1.496676411420000130e-01 4.374154246250000142e+03
7.096427209519999835e-01 1.356556695970000115e-01 4.309729643159999796e+03
1.009895707979999946e+00 7.344106870219999639e-01 5.631898957200000041e+03
7.547949559080000537e-01 1.798470214779999965e-01 4.502631192040000315e+03
1.692016170919999896e+00 7.986306664289999802e+00 7.844327865729999758e+03
1.314120818419999948e+00 2.573078900610000108e+00 6.423683414619999894e+03
1.514096387920000009e+00 4.896004112159999977e+00 7.113373943919999874e+03
3.206303759990000168e-01 1.478515937999999932e-02 3.578132828549999886e+03
9.059676811179999678e-01 4.323391893619999982e-01 5.212308910149999974e+03
7.857175056590000040e-01 2.172251091329999995e-01 4.644675679570000284e+03
4.447106223630000188e-01 2.833488508309999973e-02 3.698296686579999914e+03
1.362072377650000110e+00 3.034309280600000047e+00 6.564462518450000061e+03
1.453808878100000035e+00 4.080258536329999686e+00 6.880127900020000197e+03
6.306322188190000011e-01 8.224787829620000545e-02 4.031298124439999810e+03
8.188400164260000169e-01 2.646121832739999902e-01 4.801914124169999923e+03
5.995565151630000145e-01 6.775149287409999721e-02 3.945622180620000108e+03
1.713794154179999918e+00 8.442067323350000763e+00 7.933483035530000052e+03
7.912614092719999492e-01 2.246037276810000094e-01 4.670731004219999704e+03
3.590828291419999818e+00 1.806903688269999861e+02 1.332094897909999963e+04
7.186539081489999869e-01 1.435754460620000117e-01 4.346538296030000311e+03
1.747224847960000105e+00 9.177461281739999421e+00 8.069126445629999580e+03
2.459031585870000036e+00 3.842338205189999911e+01 1.052271820939999998e+04
1.205721208199999950e+00 1.721254878749999939e+00 6.157967674430000443e+03
6.384640385109999761e-01 8.641018040600000061e-02 4.055063298120000127e+03
8.948129376440000504e-01 4.069710461520000266e-01 5.161585048500000084e+03
3.119498663859999743e-01 1.403524854750000037e-02 3.565862106430000040e+03
6.131320235570000277e-01 7.370616014320000020e-02 3.981358758459999990e+03
8.265857514290000374e-01 2.768856073070000146e-01 4.839028844360000221e+03
1.411641518839999998e+00 3.571534996670000073e+00 6.728020428599999832e+03
1.947442933250000063e+00 1.457063002489999981e+01 8.840434844530000191e+03
3.091879921239999995e-01 1.379986290509999970e-02 3.561761922419999792e+03
3.233892638799999997e+00 1.174076373390000043e+02 1.254049184799999966e+04
7.185338272700000362e-01 1.434671070069999943e-01 4.346041769340000428e+03
1.173779180689999979e+00 1.515963081980000071e+00 6.085861661189999722e+03
1.333370101389999896e+00 2.751601178740000098e+00 6.478123994610000409e+03
1.167336686450000105e+00 1.476871941620000017e+00 6.071188896990000103e+03
1.104005594270000001e+00 1.131464136039999957e+00 5.918273148020000008e+03
2.991463028399999891e-01 1.295653593920000068e-02 3.546004060820000177e+03
4.074192174840000069e-01 2.347751153749999889e-02 3.666317843499999981e+03
2.699472699469999792e+00 5.625302424920000277e+01 1.120426680809999925e+04
1.282101104000000102e+00 2.294990767839999890e+00 6.338880645879999975e+03
2.529963516820000091e+00 4.316954279360000157e+01 1.072983044709999922e+04
1.174057458929999909e+00 1.517668766599999941e+00 6.086493606889999683e+03
6.885556469219999975e-01 1.187137423810000064e-01 4.227336807130000125e+03
7.384224459960000431e-01 1.624855976490000020e-01 4.430361790279999695e+03
1.455273041509999921e+00 4.098813563320000242e+00 6.885594810370000232e+03
5.945547864689999518e-01 6.569537890240000066e-02 3.933111665660000199e+03
1.677974613129999959e+00 7.701962844919999718e+00 7.786571619379999902e+03
2.084459372310000003e+00 1.938555061690000159e+01 9.327806316370000786e+03
6.378442987589999502e-01 8.607281133939999329e-02 4.053150895230000060e+03
6.129408385579999674e-01 7.361836517299999438e-02 3.980837312279999878e+03
6.241777168759999883e-01 7.897862984690000310e-02 4.012370271660000071e+03
2.311180652369999866e-01 7.734214072249999926e-03 3.396635600449999856e+03
6.822676157079999859e-01 1.140710056670000000e-01 4.203843916810000337e+03
8.414472166719999535e-01 3.017795551169999979e-01 4.910269714070000191e+03
1.577810328430000020e+00 5.879546983040000008e+00 7.372261012429999937e+03
1.478967800509999986e+00 4.407656256750000168e+00 6.975563152630000332e+03
7.400943599949999507e-01 1.641858478990000092e-01 4.437630904089999603e+03
1.037746233040000021e+00 8.384238732250000048e-01 5.725730002399999648e+03
3.503423477770000183e-01 1.748251097970000140e-02 3.613998113340000145e+03
1.763149841569999987e+00 9.543385403840000336e+00 8.133147792859999754e+03
2.805396550779999942e-01 1.144340926859999975e-02 3.512972394179999810e+03
1.930525346979999890e+00 1.404465868640000004e+01 8.778228372940000554e+03
5.481704182240000334e-01 4.972378067890000086e-02 3.833378851800000120e+03
1.027203939300000091e+00 7.977930106399999666e-01 5.691177731699999640e+03
1.394391715930000109e+00 3.377333262870000130e+00 6.669096487560000242e+03
1.008852464280000083e+00 7.307191667010000113e-01 5.628222964010000396e+03
7.694725565479999529e-01 1.968111224259999903e-01 4.569269291700000394e+03
9.444812231029999783e-01 5.298225419490000254e-01 5.379999089259999892e+03
1.597633113389999915e+00 6.212537757929999849e+00 7.454103725279999708e+03
9.387274121690000195e-01 5.142447022460000516e-01 5.355768987000000379e+03
1.135334517060000020e-01 1.384693731749999995e-03 2.897041497489999983e+03
4.246888263129999785e-01 2.560667419820000096e-02 3.680788807630000065e+03
6.655302858610000483e-01 1.025713629279999956e-01 4.143870426110000153e+03
6.225121504909999492e-01 7.815795039419999590e-02 4.007582578709999780e+03
3.724807186669999992e-01 1.965441629820000036e-02 3.636002841139999873e+03
2.700415974999999857e+00 5.633316084610000019e+01 1.120683085179999944e+04
9.393661258990000373e-01 5.159558569890000390e-01 5.358473980230000052e+03
2.180746162290000123e-01 6.837664606209999975e-03 3.357995377239999925e+03
2.012405461749999791e+00 1.672380497560000023e+01 9.074671281779999845e+03
3.871693351089999791e-01 2.119380603640000013e-02 3.649162644869999895e+03
1.168403819069999905e+00 1.483294488849999926e+00 6.073625376789999791e+03
3.370343898109999792e+00 1.390777037679999921e+02 1.284843515719999959e+04
2.129530491650000190e+00 2.119871346589999916e+01 9.481879727409999759e+03
7.446409792270000105e-01 1.688919724640000064e-01 4.457530319129999953e+03
3.758291537280000205e-01 1.999771988329999972e-02 3.639082409629999802e+03
7.871978843279999749e-01 2.191744539569999983e-01 4.651619065120000414e+03
9.649193233289999894e-01 5.881872446579999858e-01 5.463459510030000274e+03
9.759354547749999886e-01 6.216698719569999643e-01 5.506674544569999853e+03
9.714326213789999942e-01 6.078087188649999861e-01 5.489164478259999669e+03
1.118690020669999896e+00 1.205486054599999912e+00 5.955665686280000045e+03
3.294626769040000180e+00 1.266982103880000068e+02 1.267907533650000005e+04
7.485997939140000002e-01 1.730891982049999889e-01 4.475008939420000388e+03
1.971733635209999891e+00 1.535007028459999923e+01 8.928793028579999373e+03
1.564304305440000098e+00 5.660151385299999838e+00 7.316740225309999914e+03
3.536191921649999848e-01 1.779417273090000071e-02 3.617465446310000061e+03
3.068975473700000234e-01 1.360579668680000041e-02 3.558286767090000012e+03
4.905595237929999963e-01 3.599382516760000345e-02 3.746204173000000083e+03
3.960919021240000060e+00 2.731330288980000205e+02 1.404889631209999970e+04
3.584290665459999858e-01 1.825748104420000031e-02 3.622410646769999857e+03
1.447407260140000096e+00 3.999845601420000119e+00 6.856361381439999604e+03
8.734697042950000379e-01 3.617912801679999957e-01 5.062452995010000450e+03
1.335977279699999964e-01 2.148668190950000015e-03 3.010210199319999901e+03
1.106438902719999895e+00 1.143486768270000065e+00 5.924573143650000020e+03
8.178815823139999885e-01 2.631260614340000248e-01 4.797325998350000191e+03
8.503567640439999575e-01 3.175808516779999868e-01 4.952877828100000443e+03
1.036347051219999926e+00 8.329412176229999965e-01 5.721210865490000288e+03
6.009586367679999874e-01 6.834087293710000566e-02 3.949192379629999778e+03
1.024301607850000018e+00 7.868794756429999815e-01 5.681460477900000114e+03
8.018887070919999971e-01 2.393572047649999979e-01 4.721030593999999837e+03
2.135388545260000104e+00 2.144307266410000068e+01 9.501674145790000694e+03
1.038241123509999975e+00 8.403697457280000505e-01 5.727323575460000029e+03
2.369652633650000118e-01 8.148153186249999791e-03 3.412813115280000147e+03
1.752411673439999928e+00 9.295522993929999700e+00 8.090022935940000025e+03
8.635956530639999906e-01 3.423227252730000059e-01 5.015859543520000443e+03
5.114326453059999666e-01 4.033727340740000250e-02 3.773646914469999956e+03
1.053612534360000019e+00 9.025645171670000355e-01 5.775579534159999639e+03
2.499730569830000138e-01 9.094098572609999459e-03 3.446368751410000186e+03
4.110243792239999805e-01 2.390690437190000003e-02 3.669325356540000030e+03
7.810243819709999924e-01 2.111449574320000133e-01 4.622736931280000135e+03
6.391392050199999897e-01 8.677931141639999568e-02 4.057152956830000221e+03
1.013901675640000111e+00 7.487206889130000320e-01 5.645905670490000375e+03
3.367685803109999876e-01 1.622318330100000136e-02 3.598680180610000207e+03
2.190790928399999782e+00 2.385625129960000024e+01 9.686349181710000266e+03
1.078072891699999980e+00 1.008767724159999934e+00 5.847647086230000241e+03
9.567512593089999573e-01 5.642857408050000467e-01 5.430605458109999745e+03
1.134409226300000073e+00 1.288697109849999967e+00 5.994191633440000260e+03
2.899241390569999854e+00 7.522358327519999932e+01 1.173000652900000023e+04
8.460688510739999835e-01 3.098923574549999893e-01 4.932388083040000311e+03
8.413249873620000097e-01 3.015674223579999924e-01 4.909684359290000430e+03
4.531513601859999962e-01 2.958336059799999973e-02 3.706134819979999975e+03
5.819533192039999525e-01 6.082405423119999904e-02 3.903139974579999944e+03
3.688280511659999816e-01 1.928468448439999913e-02 3.632579401229999803e+03
3.035854429620000183e-01 1.332696652339999954e-02 3.553138556289999997e+03
5.913733264079999996e-01 6.442449711679999746e-02 3.925336504490000152e+03
5.324269910459999977e-01 4.539867520259999872e-02 3.805853964349999842e+03
2.013652157350000138e+00 1.676746919220000009e+01 9.079125237259999267e+03
6.430449169099999862e-01 8.894748828250000072e-02 4.069368363510000108e+03
7.884568096899999823e-01 2.208441643550000111e-01 4.657532041929999650e+03
5.769185797360000256e-01 5.899574114629999727e-02 3.891777466070000173e+03
6.498025057880000288e-01 9.283368988439999470e-02 4.091013641959999859e+03
1.157500768869999946e-01 1.461510940030000087e-03 2.910327949009999884e+03
3.456196410369999916e-01 1.703873519020000088e-02 3.608850262649999877e+03
2.571779511539999952e+00 4.616195910529999935e+01 1.084947610089999944e+04
8.408697391160000478e-01 3.007784198139999976e-01 4.907504029959999571e+03
1.597352267280000016e+00 6.207727563509999769e+00 7.452942041340000287e+03
1.789547469660000001e-01 4.400458382049999596e-03 3.219388125949999903e+03
1.377301050960000106e+00 3.192612499460000031e+00 6.612803079790000083e+03
1.188125099230000092e+00 1.605772037829999999e+00 6.118302880790000017e+03
1.239340362100000092e+00 1.958854712329999970e+00 6.234934096650000356e+03
7.283114681029999593e-01 1.525431264309999868e-01 4.386983742409999650e+03
1.122480295419999941e+00 1.225169818879999983e+00 5.965086869779999688e+03
5.654774236509999552e-01 5.507630266820000287e-02 3.867232584119999956e+03
2.900938135619999803e-01 1.221250154849999950e-02 3.530585168200000226e+03
7.845955586749999711e-01 2.157578325770000138e-01 4.639420639289999599e+03
6.826086438749999763e-01 1.143181629079999956e-01 4.205104799810000259e+03
8.564058218669999833e-01 3.286956707809999823e-01 4.981715364720000252e+03
7.298243483480000293e-01 1.539941996729999873e-01 4.393408902099999978e+03
9.033463723729999728e-01 4.262663914109999785e-01 5.200465241810000407e+03
8.783127665169999654e-01 3.716663084749999846e-01 5.085155115509999632e+03
3.979085591950000111e-01 2.237921010530000143e-02 3.658345541719999801e+03
1.294174904259999925e+00 2.397119145130000017e+00 6.370057751999999709e+03
3.648840395980000206e+00 1.931589572000000032e+02 1.344034919799999989e+04
9.357766590330000023e-01 5.063976710909999790e-01 5.343223605420000240e+03
1.184260290129999893e+00 1.581198369770000056e+00 6.109584730219999983e+03
7.871637744530000091e-01 2.191293674789999979e-01 4.651458960949999891e+03
1.204155714289999901e+00 1.710738432449999902e+00 6.154433565289999933e+03
1.040320826829999934e+00 8.485851319420000261e-01 5.733992742839999664e+03
1.929202238600000063e+00 1.400410012040000041e+01 8.773339996509999764e+03
1.286308512710000018e+00 2.330209932479999857e+00 6.349640867410000283e+03
2.991653624089999908e-01 1.295811846210000000e-02 3.546035279100000025e+03
6.045860057070000515e-01 6.989257251369999924e-02 3.958557474199999888e+03
4.393025467830000141e-01 2.756718255670000117e-02 3.693438664339999832e+03
9.185922650660000022e-01 4.625665755999999740e-01 5.268636802340000031e+03
4.783092499800000175e-01 3.371940945239999821e-02 3.731949592790000224e+03
4.914175900280000064e-01 3.616030497569999724e-02 3.747250655299999835e+03
1.258607601380000052e+00 2.105470848710000009e+00 6.280666388540000298e+03
1.010498937179999945e+00 7.365518196100000470e-01 5.634019162069999766e+03
1.592275890720000087e+00 6.121242479690000238e+00 7.431953246469999613e+03
1.253843613789999978e+00 2.068491220279999876e+00 6.269209736900000280e+03
4.266889072500000268e-01 2.586578457890000016e-02 3.682488092090000009e+03
7.844863991870000275e-01 2.156155372590000119e-01 4.638909689719999733e+03
2.338333943989999941e+00 3.124213574939999916e+01 1.015742652040000030e+04
9.984652492209999952e-01 6.947613917830000041e-01 5.591014058300000215e+03
1.596435365989999910e+00 6.192041958349999931e+00 7.449149740789999669e+03
3.972713975109999907e-01 2.230732316019999953e-02 3.657807509329999903e+03
1.375619851359999979e+00 3.174847710999999961e+00 6.607381222279999747e+03
1.602509358320000077e+00 6.296483298290000086e+00 7.474281132549999711e+03
4.413447363910000254e-01 2.785424404680000160e-02 3.695259654450000198e+03
8.250939382070000550e-01 2.744850723439999918e-01 4.831877004969999689e+03
3.973238180509999773e-01 2.231322972719999853e-02 3.657851799770000071e+03
1.070874910699999960e+00 9.765697249300000493e-01 5.827013639130000229e+03
1.121330418299999909e+00 1.219172915849999983e+00 5.962238058930000079e+03
1.305163861390000068e+00 2.492932207570000003e+00 6.399262364189999971e+03
1.567898553320000055e+00 5.717951984970000012e+00 7.331491524820000450e+03
2.481769163090000063e+00 3.990069674659999777e+01 1.058969324410000081e+04
4.192044731980000272e-01 2.491009784680000075e-02 3.676164333759999863e+03
9.157644970189999789e-01 4.556533175729999829e-01 5.256126682539999820e+03
1.929415126249999890e+00 1.401062035650000048e+01 8.774126762800000506e+03
1.371950321039999920e+00 3.136322727470000071e+00 6.595620101090000389e+03
1.441888252750000099e+00 3.931446003560000069e+00 6.836054347090000192e+03
1.649802179769999988e+00 7.153446328780000307e+00 7.670208456899999874e+03
1.190869147089999913e+00 1.623390980449999965e+00 6.124487653830000454e+03
3.633505803459999850e-01 1.873910535569999966e-02 3.627306553549999990e+03
4.982925893710000165e-01 3.753009815859999904e-02 3.755877328980000129e+03
5.431968131729999483e-01 4.830437076849999900e-02 3.824355619630000092e+03
1.426469030850000097e+00 3.744840196060000181e+00 6.780266457620000438e+03
6.692287948189999947e-01 1.050083551370000062e-01 4.156797043659999872e+03
2.031949884009999874e+00 1.741785084920000060e+01 9.144190484830000059e+03
2.040125344170000132e-01 5.915598669329999622e-03 3.312221089889999803e+03
7.522575041650000349e-01 1.770508627859999906e-01 4.491278760449999936e+03
5.942645317029999763e-01 6.557825392560000244e-02 3.932396445700000186e+03
6.513416452210000207e-01 9.374324147660000051e-02 4.096033716969999659e+03
1.505683014159999944e+00 4.775656970790000067e+00 7.079955305640000006e+03
1.091377092769999946e+00 1.070414169450000008e+00 5.884610371910000140e+03
7.624101564280000298e-01 1.884781885319999906e-01 4.537007211180000013e+03
5.319168605309999576e-01 4.526651603279999853e-02 3.805012016099999983e+03
8.423651378130000422e-01 3.033766184669999810e-01 4.914665055350000330e+03
2.440946648899999794e+00 3.727734437750000041e+01 1.046904409289999967e+04
5.297990092350000069e-01 4.472296501769999766e-02 3.801549215699999877e+03
6.275632142229999877e-01 8.067561782109999857e-02 4.022224060070000178e+03
7.709014504479999585e-01 1.985362913740000013e-01 4.575838114410000344e+03
4.754200186359999747e-01 3.320956545229999946e-02 3.728764011279999977e+03
6.512545776339999648e-01 9.369154391169999541e-02 4.095748847509999905e+03
6.480797253860000051e-01 9.182645269179999514e-02 4.085434123049999926e+03
1.075816586359999993e+00 9.985885654360000530e-01 5.841228772249999565e+03
9.977049640199999736e-01 6.921911451810000004e-01 5.588257943999999952e+03
2.643190491229999939e+00 5.162283851280000135e+01 1.104979644849999931e+04
1.082783311170000040e+00 1.030274464629999942e+00 5.860903944949999641e+03
6.880884155959999804e-01 1.183624900089999959e-01 4.225573522310000044e+03
1.600905148280000079e+00 6.268777120440000239e+00 7.467641575550000198e+03
7.321562265209999865e-01 1.562558174320000104e-01 4.403358141769999747e+03
4.323731490619999729e-01 2.661772465859999978e-02 3.687366729509999914e+03
8.172508547119999855e-01 2.621519436010000259e-01 4.794307331599999998e+03
6.032006114029999644e-01 6.929531494379999323e-02 3.954958729320000202e+03
8.839883465440000476e-01 3.835174333540000147e-01 5.111614115139999740e+03
5.920301557029999939e-01 6.468455954790000573e-02 3.926930145710000033e+03
4.173782563160000070e-01 2.468252143569999932e-02 3.674633243260000199e+03
8.263068829009999616e-01 2.764355276550000129e-01 4.837691847500000222e+03
3.653326648479999772e-01 1.893533603420000100e-02 3.629234961319999911e+03
7.667016495570000423e-01 1.935034940479999910e-01 4.556569946210000126e+03
1.101128769890000081e+00 1.117373383959999966e+00 5.910768575170000076e+03
1.190540819780000037e+00 1.621275335770000048e+00 6.123747796800000287e+03
2.310889745970000075e-01 7.732172788600000235e-03 3.396553374149999854e+03
4.742383077210000075e-01 3.300381680259999867e-02 3.727479280850000123e+03
8.663096493209999638e-01 3.475860507590000092e-01 5.028703799670000080e+03
5.979568328230000507e-01 6.708606569620000071e-02 3.941582756499999959e+03
1.058050299150000040e+00 9.211630203399999717e-01 5.789073538599999665e+03
4.795531069669999868e-01 3.394192492849999743e-02 3.733340900239999883e+03
7.383014132870000523e-01 1.623631410839999900e-01 4.429836597319999782e+03
5.756615611630000462e-01 5.854935899020000112e-02 3.888994514150000214e+03
8.406008869479999479e-01 3.003132752120000193e-01 4.906216302359999645e+03
1.565343328870000050e+00 5.676816946889999826e+00 7.321002577160000328e+03
9.373359380619999959e-01 5.105324048960000471e-01 5.349862963720000153e+03
1.713220149360000111e+00 8.429821706929999436e+00 7.931140543040000011e+03
9.030930156109999718e-01 4.256830941379999844e-01 5.199317959799999699e+03
9.389477954910000479e-01 5.148346149960000284e-01 5.356702751279999575e+03
4.666727552620000274e-01 3.172346434210000093e-02 3.719492007060000105e+03
1.491491562880000066e+00 4.577518022919999652e+00 7.024150257250000323e+03
6.064620124549999769e-01 7.071053816370000134e-02 3.963473962909999955e+03
5.180805721129999597e-01 4.185920956139999732e-02 3.783316913600000134e+03
3.770641082480000073e+00 2.216458114289999912e+02 1.368457774190000055e+04
5.687622267640000118e-01 5.616910160739999741e-02 3.874099958480000168e+03
7.396419538239999980e-01 1.637241760639999988e-01 4.435661331979999886e+03
4.736002978210000158e+00 6.088591355480000402e+02 1.530444417919999978e+04
1.316720539729999917e+00 2.596690051599999993e+00 6.430878425980000429e+03
1.290151937899999934e+00 2.362727414820000149e+00 6.359566777629999706e+03
3.673811829260000272e-01 1.913955767149999945e-02 3.631203465210000104e+03
6.105983871200000301e-01 7.255200012460000236e-02 3.974490646379999816e+03
4.109699115479999998e-01 2.390036082600000000e-02 3.669279922629999874e+03
7.676851813249999656e-01 1.946718453390000048e-01 4.561071600289999878e+03
8.074336087629999659e-01 2.473809890729999905e-01 4.747414405419999639e+03
8.679796073800000178e-01 3.508575533480000064e-01 5.036593557789999977e+03
1.849288913549999913e+00 1.170548856769999979e+01 8.471768096850000802e+03
1.616632405030000053e+00 6.544211179120000388e+00 7.532778675059999841e+03
1.345184588059999964e+00 2.865531687539999872e+00 6.512905792630000178e+03
8.367804622119999758e-01 2.937682052239999897e-01 4.887910070189999715e+03
1.602699711070000088e+00 6.299776692780000076e+00 7.475069057749999956e+03
2.137836158469999859e+00 2.154577306450000052e+01 9.509929208650000874e+03
2.958558965429999854e-01 1.268434646580000012e-02 3.540537293899999895e+03
7.405011893370000431e-01 1.646020248289999932e-01 4.439403698459999760e+03
1.894322119359999945e+00 1.296465522799999981e+01 8.643243228519999320e+03
1.867288824859999918e+00 1.219781744990000050e+01 8.540777351770000678e+03
6.357217052910000277e-01 8.492784679329999642e-02 4.046642395379999925e+03
1.405556090849999995e+00 3.502121527049999905e+00 6.706998405880000064e+03
1.095096779039999912e+00 1.088154165810000018e+00 5.894686960070000168e+03
6.106366452150000512e-01 7.256927871889999604e-02 3.974593676250000044e+03
7.166993709260000012e-01 1.418215335770000030e-01 4.338476351940000313e+03
4.333604947740000157e-01 2.675075510039999840e-02 3.688222742599999947e+03
9.668852307690000147e-01 5.940565932269999960e-01 5.471264616690000366e+03
8.174212577770000321e-01 2.624148175939999827e-01 4.795122825569999804e+03
5.234005115980000511e-01 4.312976541900000182e-02 3.791402060370000072e+03
6.427475388419999769e-01 8.878042137260000466e-02 4.068430675130000054e+03
7.940067469820000223e-01 2.283375292260000078e-01 4.683684222920000138e+03
6.994405135079999614e-01 1.271894253829999877e-01 4.269200423829999636e+03
2.073280038250000068e+00 1.895380269629999859e+01 9.289092506290000529e+03
5.352380456399999931e-01 4.613563888640000166e-02 3.810548671000000013e+03
1.476710121320000013e+00 4.377526888370000258e+00 6.966876026050000291e+03
7.333936791409999545e-01 1.574683903990000133e-01 4.408660158839999895e+03
5.156907261309999768e-01 4.130385063500000009e-02 3.779786089759999868e+03
1.310895208840000103e+00 2.544002161209999890e+00 6.414823500170000443e+03
1.863577592820000017e+00 1.209512533120000022e+01 8.526600042109999777e+03
1.125467795160000062e+00 1.240853961820000073e+00 5.972451378130000194e+03
7.762544454919999559e-01 2.051185792549999887e-01 4.600562027779999880e+03
8.877422861720000169e-01 3.915234878619999748e-01 5.129020693749999737e+03
1.524232437680000052e+00 5.043880329250000294e+00 7.153929404819999945e+03
1.429431612319999934e+00 3.780184526429999803e+00 6.790873431250000067e+03
5.362790566259999503e-01 4.641233718079999793e-02 3.812311109300000226e+03
6.359794713130000332e-01 8.506602576890000267e-02 4.047429359190000014e+03
4.719180777390000192e-01 3.260444353999999989e-02 3.724986671719999777e+03
6.574657677570000525e-01 9.745424937020000233e-02 4.116337381020000066e+03
1.870523936419999922e-01 4.870992718950000432e-03 3.251024494320000031e+03
4.639602168790000203e-01 3.127940093280000278e-02 3.716723185759999978e+03
8.414443715680000047e-01 3.017746159360000235e-01 4.910256089090000387e+03
1.189153468490000032e+00 1.612358249659999965e+00 6.120621089629999915e+03
5.905261392180000124e-01 6.409083143690000317e-02 3.923289887710000130e+03
2.619603976520000210e-01 9.994925895470000224e-03 3.474452273970000078e+03
1.572702381370000069e+00 5.795865881240000128e+00 7.351235261509999873e+03
1.133125430210000006e+00 1.281744223800000082e+00 5.991096613310000066e+03
1.416595636630000099e+00 3.628777204419999958e+00 6.745317605899999762e+03
1.133744782910000026e+00 1.285095043879999954e+00 5.992590830889999779e+03
9.578269291750000081e-01 5.673890342020000421e-01 5.434970852860000377e+03
6.876738737559999759e-01 1.180516986120000028e-01 4.224011439720000453e+03
4.553761409489999745e-01 2.992320676969999899e-02 3.708259909890000017e+03
5.015887421829999804e-01 3.821027017019999750e-02 3.760172493590000158e+03
4.066361707710000051e-01 2.338522832910000168e-02 3.665664206949999880e+03
7.241519378909999638e-01 1.486186150630000036e-01 4.369441361350000079e+03
3.100585751650000166e-01 1.387389648309999939e-02 3.563064909350000107e+03
6.186871291019999664e-01 7.630807711610000654e-02 3.996737460899999860e+03
1.263468028839999924e-01 1.854994349470000031e-03 2.971052888430000166e+03
7.136695728949999928e-01 1.391424886410000117e-01 4.326064078229999723e+03
1.948859987320000098e+00 1.461531144609999977e+01 8.845620408150000003e+03
1.776351678800000000e+00 9.854539446109999545e+00 8.185905510219999996e+03
1.405508663330000019e+00 3.501584423360000198e+00 6.706835557110000082e+03
1.274279977640000006e+00 2.230562615949999827e+00 6.319160978560000331e+03
6.954867755000000429e-01 1.240451273379999941e-01 4.253821735999999873e+03
4.843392973130000279e+00 6.781198187329999882e+02 1.544356541880000077e+04
1.028538014170000015e+00 8.028486484750000374e-01 5.695614501840000230e+03
6.531453126170000401e-01 9.482084378180000162e-02 4.101958943910000016e+03
1.150300750119999993e+00 1.377123143179999953e+00 6.031861065850000159e+03
6.424242613999999740e-01 8.859917723830000591e-02 4.067412744119999843e+03
9.314030908449999480e-01 4.949417811540000045e-01 5.324483821009999701e+03
4.520355112359999983e-01 2.941464413240000089e-02 3.705078768939999918e+03
1.678982964450000059e+00 7.722136660120000329e+00 7.790725424309999653e+03
1.567840733529999975e+00 5.717018814350000255e+00 7.331254076809999788e+03
7.422056502589999827e-01 1.663561374330000120e-01 4.446847819730000083e+03
8.970667691350000528e-01 4.119973807480000194e-01 5.171900549490000230e+03
3.157292217609999896e-01 1.435983523249999977e-02 3.571317117399999916e+03
5.659519138509999658e-01 5.523257964449999891e-02 3.868215718599999946e+03
1.987225294669999975e+00 1.586233577540000006e+01 8.984559146629999304e+03
4.543732402019999839e-01 2.976943395720000121e-02 3.707298675129999992e+03
1.211357907420000046e+00 1.759517331699999909e+00 6.170714124909999555e+03
7.420060385490000465e-01 1.661498331809999895e-01 4.445974635919999855e+03
7.277875811430000175e-01 1.520436005159999937e-01 4.384764323289999993e+03
8.553515584659999726e-01 3.267356911650000084e-01 4.976695951339999738e+03
7.204620794199999567e-01 1.452161017499999929e-01 4.354034205169999950e+03
2.877984195419999724e-01 1.202622244829999916e-02 3.526482542170000215e+03
2.744912876289999915e-01 1.096501561130000003e-02 3.501071148330000142e+03
3.958273255190000173e-01 2.214514940129999956e-02 3.656585510270000213e+03
1.232571507609999895e+00 1.909180438709999983e+00 6.219205728820000331e+03
8.673866402000000031e-01 3.496930296790000114e-01 5.033793285239999932e+03
9.447909736320000418e-01 5.306716107019999740e-01 5.381294623900000261e+03
3.768483317269999966e-01 2.010306893019999860e-02 3.640009392559999924e+03
1.048852667090000024e+00 8.829387732769999886e-01 5.760890832369999771e+03
6.160098493040000456e-01 7.504171962130000428e-02 3.989270776989999831e+03
4.160056906660000164e-01 2.451286981010000060e-02 3.673484578009999950e+03
5.307135904659999737e-01 4.495668637459999950e-02 3.803038172390000000e+03
6.130504410649999514e-01 7.366868214720000141e-02 3.981136183210000127e+03
1.665854925259999897e+00 7.462431279469999623e+00 7.736579654789999950e+03
1.201900161760000030e+00 1.695670243049999915e+00 6.149345099799999844e+03
7.007607448299999486e-01 1.282560436490000066e-01 4.274376112439999815e+03
1.098566976419999897e+00 1.104906059760000003e+00 5.903991301089999979e+03
1.470569483400000044e+00 4.296331642170000187e+00 6.943365497879999566e+03
5.843330290639999758e-01 6.171115550419999790e-02 3.908631506419999823e+03
9.198495251410000462e-01 4.656670759000000048e-01 5.274178353180000158e+03
1.012956517989999972e+00 7.453250697729999485e-01 5.642616510750000089e+03
5.826699053780000082e-01 6.108961302239999946e-02 3.904785404449999987e+03
3.943938303000000256e-01 2.198518109849999930e-02 3.655368579190000219e+03
7.088303419899999458e-01 1.349623392869999938e-01 4.306457145780000246e+03
5.402455407130000165e-01 4.748571122189999827e-02 3.819145923439999933e+03
7.767392892459999976e-01 2.057241560599999963e-01 4.602810027929999706e+03
1.765449044599999961e+00 9.597063534580000166e+00 8.142356979760000286e+03
2.817696040189999973e+00 6.697932404789999339e+01 1.151949032789999910e+04
7.623277161229999876e-01 1.883828005269999883e-01 4.536632706919999691e+03
5.867367663289999591e-01 6.262247328139999847e-02 3.914257770610000080e+03
4.543694956339999758e-01 2.976886158520000020e-02 3.707295096280000053e+03
2.662315900639999899e+00 5.316318920359999822e+01 1.110261738639999930e+04
7.595676361830000500e-01 1.852140090000000128e-01 4.524123586120000255e+03
9.967436377880000142e-01 6.889517940379999983e-01 5.584763979510000354e+03
4.674556228439999961e-01 3.185306564390000261e-02 3.720300124419999975e+03
2.204626261219999883e-01 6.998938975440000161e-03 3.365338942479999787e+03
4.999091222770000176e-01 3.786170863519999763e-02 3.757969964909999817e+03
1.067453980160000038e+00 9.615465014940000055e-01 5.817043445579999570e+03
5.874238987900000097e-01 6.288583383439999563e-02 3.915880784800000129e+03
6.178009855239999792e-01 7.588635986950000023e-02 3.994254767190000166e+03
7.737935820610000182e-01 2.020690613639999911e-01 4.589173912739999651e+03
7.361169229039999928e-01 1.601674365190000060e-01 4.420381715339999573e+03
5.901078190920000521e-01 6.392680650830000200e-02 3.922283006080000177e+03
5.820952886300000406e-01 6.087655967640000221e-02 3.903465405250000003e+03
3.941796524050000250e-01 2.196136630700000134e-02 3.655186401769999975e+03
1.084366516660000057e+00 1.037581246640000066e+00 5.865317170049999731e+03
7.172473710410000036e-01 1.423112442979999892e-01 4.340732407749999766e+03
7.590366365009999505e-01 1.846098737690000102e-01 4.521723607470000388e+03
2.085588882340000172e+00 1.942956477050000075e+01 9.331706611710000288e+03
5.826427489380000546e-01 6.107952460419999868e-02 3.904722918980000031e+03
6.662875846529999757e-01 1.030656705060000039e-01 4.146502006599999731e+03
1.102297576560000048e+00 1.123082166549999927e+00 5.913825008380000327e+03
1.122908387939999919e+00 1.227408081539999918e+00 5.966145421530000021e+03
6.456214275689999837e-01 9.040881527840000098e-02 4.077545044819999930e+03
3.942672448569999877e-01 2.197110316989999909e-02 3.655260918550000042e+03
4.435555177500000168e-01 2.816886900110000119e-02 3.697249215620000086e+03
5.703478793649999767e-01 5.670585055969999677e-02 3.877466495770000165e+03
9.160977815070000529e-01 4.564638027390000019e-01 5.257604441659999793e+03
1.102789813990000090e+00 1.125492965470000106e+00 5.915109149339999931e+03
1.219675078020000081e+00 1.817120429860000108e+00 6.189608246040000267e+03
9.215928381260000135e-01 4.699936406329999761e-01 5.281840933249999580e+03
8.437162785280000188e-01 3.057402484669999865e-01 4.921132841450000342e+03
5.959444765829999824e-01 6.625946217290000495e-02 3.936552371239999957e+03
1.562456612399999889e+00 5.630602071270000231e+00 7.309164546940000037e+03
1.420928535939999904e+00 3.679384728620000100e+00 6.760577776629999789e+03
1.347094008660000064e+00 2.884262668069999869e+00 6.518626384369999869e+03
7.937763260810000165e-01 2.280220904549999927e-01 4.682595831739999994e+03
3.509546547640000069e-01 1.754050969419999884e-02 3.614652331090000189e+03
8.677810689889999818e-01 3.504672914749999979e-01 5.035656116160000238e+03
4.093091334599999742e-01 2.370167444379999919e-02 3.667894646369999919e+03
1.572560317460000023e+00 5.793550833290000313e+00 7.350650942739999664e+03
1.259685871290000092e+00 2.113907809830000151e+00 6.283274397709999903e+03
2.240913204049999941e+00 2.620403704829999825e+01 9.849635457599999427e+03
1.209047240949999935e+00 1.743756926070000102e+00 6.165484338059999573e+03
5.325756519840000314e-01 4.543727940609999794e-02 3.806099899280000045e+03
1.601013940859999929e+00 6.270653294169999725e+00 7.468091807310000149e+03
1.064605600779999994e+00 9.491735807240000433e-01 5.808659425019999617e+03
8.752277229079999943e-01 3.653507958869999794e-01 5.070706303359999765e+03
7.745533091039999984e-01 2.030062284559999986e-01 4.592685760880000089e+03
8.309941494850000554e-01 2.840830107619999878e-01 4.860167266460000064e+03
1.070169392399999975e+00 9.734567570580000551e-01 5.824966196270000182e+03
3.927957968510000231e-01 2.180802565329999915e-02 3.654006927920000180e+03
1.403109294290000086e+00 3.474490200860000044e+00 6.698617174099999829e+03
1.995450172269999989e+00 1.613917658489999951e+01 9.013983097009999256e+03
4.413221902860000045e-01 2.785105626779999996e-02 3.695239464069999940e+03
1.002543941869999955e+00 7.087028816279999921e-01 5.605744350240000131e+03
1.066891360350000095e+00 9.590928094159999473e-01 5.815393392369999674e+03
4.250115939090000072e-01 2.564830116520000133e-02 3.681062505249999958e+03
1.223308436089999951e+00 1.842717224370000073e+00 6.197904634810000061e+03
6.594934053690000297e-01 9.871585661819999580e-02 4.123175130829999944e+03
5.121083015030000185e-01 4.048871702390000049e-02 3.774608234889999949e+03
1.335552085250000021e+00 2.772389169919999841e+00 6.484468391200000042e+03
5.645727532280000460e-01 5.477980519879999816e-02 3.865366383680000126e+03
6.680126162599999695e-01 1.042006314499999975e-01 4.152525752739999916e+03
4.274692273390000019e-01 2.596763345440000065e-02 3.683153285739999774e+03
3.363062469259999965e+00 1.378474030099999936e+02 1.283231026489999931e+04
6.333833379879999503e-01 8.368516524650000676e-02 4.039546584459999849e+03
1.521519870739999947e+00 5.003995026570000171e+00 7.143046482220000144e+03
4.880549820310000064e-01 3.551342360120000180e-02 3.743186825360000057e+03
8.769387942059999608e-01 3.688426821990000160e-01 5.078725655840000400e+03
1.187808926720000047e+00 1.603751127380000030e+00 6.117590036180000425e+03
4.118462164949999726e-01 2.400584961600000025e-02 3.670010940499999833e+03
2.891532838040000164e-01 1.213605878569999977e-02 3.528913795720000053e+03
5.759815219760000549e-01 5.866260321649999915e-02 3.889700849500000004e+03
3.662772162929999742e-01 1.902931997109999843e-02 3.630145650630000091e+03
3.652544061690000121e-01 1.892756295679999881e-02 3.629159271739999895e+03
1.947176718919999994e+00 1.456224679720000026e+01 8.839460230569999112e+03
4.454605792620000004e-01 2.844327881559999965e-02 3.698979797039999994e+03
3.592220771040000038e-01 1.833455756970000031e-02 3.623210345980000056e+03
2.158901270099999881e-01 6.691297226089999717e-03 3.351169953900000110e+03
1.294084991899999926e+00 2.396346512220000058e+00 6.369822130190000280e+03
5.484716341549999985e-01 4.981137948210000166e-02 3.833935247720000007e+03
7.568375110460000554e-01 1.821266044419999897e-01 4.511807332960000167e+03
2.198264448000000204e+00 2.419621561570000168e+01 9.710919248439999137e+03
2.721509600770000148e+00 5.814748221360000002e+01 1.126395819080000001e+04
7.494344487170000457e-01 1.739860907799999912e-01 4.478711528169999838e+03
5.284861719869999863e-01 4.439012417069999883e-02 3.799428889209999852e+03
9.037336996010000290e-01 4.271593686519999933e-01 5.202218321029999970e+03
2.123252297890000140e+00 2.093907588080000082e+01 9.460607458450000195e+03
3.663278557569999982e-01 1.903436734889999912e-02 3.630194326979999914e+03
8.696686394079999882e-01 3.541920799980000090e-01 5.044562423639999906e+03
9.011753904979999952e-01 4.212889937220000158e-01 5.190619957750000140e+03
2.739801217320000148e+00 5.975572819170000116e+01 1.131317428079999991e+04
4.274547839339999933e-01 2.596574436719999851e-02 3.683140961279999829e+03
1.278860468990000054e+00 2.268131834600000118e+00 6.330666217940000024e+03
3.255526222189999985e-01 1.521748569680000072e-02 3.584697084720000021e+03
1.266201724619999913e+00 2.165421783899999841e+00 6.299157685549999769e+03
1.287560981529999982e+00 2.340770204930000098e+00 6.352865202609999869e+03
2.813134792379999860e-01 1.150508887060000020e-02 3.514452217949999977e+03
3.100960196129999846e-01 1.387708408550000078e-02 3.563120732779999798e+03
5.110337691699999851e-01 4.024820544269999689e-02 3.773081642869999996e+03
2.946961526369999973e+00 8.038998508909999430e+01 1.185071046650000062e+04
1.095747367580000020e+00 1.091279909819999894e+00 5.896438328539999929e+03
1.382932011829999919e+00 3.252640303919999809e+00 6.631115122100000008e+03
4.867123187080000246e-01 3.525922559950000340e-02 3.741591689599999881e+03
6.870054468249999768e-01 1.175522438639999973e-01 4.221497340509999958e+03
1.347325685439999976e+00 2.886541423480000201e+00 6.519322368539999843e+03
1.009315477639999958e+00 7.323557557759999836e-01 5.629855892630000199e+03
7.142235656790000276e-01 1.396287587270000075e-01 4.328325864759999604e+03
2.687158818600000054e-01 1.051436136579999951e-02 3.489138962489999813e+03
1.067664619819999938e+00 9.624663799279999932e-01 5.817660456460000205e+03
1.673320820220000060e+00 7.609344507200000329e+00 7.767389375380000274e+03
1.302689975470000094e+00 2.471121947699999932e+00 6.392616189610000220e+03
2.980816266640000101e-01 1.286824326150000017e-02 3.544252049459999853e+03
9.197995525469999656e-01 4.655435238839999990e-01 5.273958336620000409e+03
8.452288483950000098e-01 3.084044622809999914e-01 4.928370303099999546e+03
3.905931732690000047e-01 2.156583374400000003e-02 3.652120438160000049e+03
5.453766176340000271e+00 1.251400328919999993e+03 1.591410468310000033e+04
7.910669908309999609e-01 2.243413283060000096e-01 4.669814904120000392e+03
9.529564956310000445e-01 5.534442616900000500e-01 5.415112575909999578e+03
6.408335041599999560e-01 8.771296473949999339e-02 4.062425397689999954e+03
9.469974113610000188e-01 5.367508741559999796e-01 5.390496491789999709e+03
4.649669704509999946e-01 3.144331781040000245e-02 3.717745249460000196e+03
1.373191301739999926e+00 3.149313012529999956e+00 6.599586292900000444e+03
4.745968967959999785e-01 3.306608240330000115e-02 3.727868032459999995e+03
8.366327250449999697e-01 2.935175219019999782e-01 4.887201926480000111e+03
8.157625942020000354e-01 2.598655601870000220e-01 4.787186865960000432e+03
4.387426136400000010e-01 2.748906422139999958e-02 3.692942069650000121e+03
1.062968011239999955e+00 9.421157235160000365e-01 5.803804897760000131e+03
7.357344486939999539e-01 1.597858122870000064e-01 4.418731049920000260e+03
5.254929878530000265e-01 4.364281555340000091e-02 3.794668963600000097e+03
6.924740982589999705e-01 1.216998094979999945e-01 4.242234838579999632e+03
4.979920547789999929e-01 3.746885488869999836e-02 3.755491026700000020e+03
1.628775572619999945e+00 6.762740291590000119e+00 7.583106717570000001e+03
1.144522976259999991e+00 1.344464777200000016e+00 6.018293823130000419e+03
3.043800714459999890e-01 1.339367015549999991e-02 3.554387132979999933e+03
7.269885830550000261e-01 1.512846752160000030e-01 4.381384911289999764e+03
1.309122081760000000e+00 2.528121420360000204e+00 6.409984653169999547e+03
5.527292400100000114e-01 5.106999941879999949e-02 3.841922349970000141e+03
1.659520762519999915e+00 7.339391326030000329e+00 7.710408979679999902e+03
6.712991146860000091e-01 1.063978458259999954e-01 4.164114445399999568e+03
7.455662271830000298e-01 1.698645849029999932e-01 4.461602960739999617e+03
3.578301249149999919e-01 1.819939865480000099e-02 3.621803798590000042e+03
3.803647520010000171e+00 2.299382888689999902e+02 1.374927138150000064e+04
1.708798695440000071e+00 8.335921448369999709e+00 7.913082731489999787e+03
7.220250343240000035e-01 1.466483703379999892e-01 4.360542404410000017e+03
8.505253087020000491e-01 3.178862681979999771e-01 4.953682478560000163e+03
8.143363191569999993e-01 2.576903407700000259e-01 4.780366346650000196e+03
5.899929347569999871e-01 6.388184425829999957e-02 3.922006909950000136e+03
1.263370205660000023e+00 2.142923829149999904e+00 6.292228969200000392e+03
5.431266992690000350e-01 4.828472037650000104e-02 3.824230611320000207e+03
4.366381857669999755e-01 2.719769707219999930e-02 3.691085519220000151e+03
7.578968869800000174e-01 1.833190980370000001e-01 4.516579563719999896e+03
1.644927243920000004e+00 7.061458129880000101e+00 7.650026276280000275e+03
7.666314982869999461e-01 1.934203987399999991e-01 4.556249116349999895e+03
1.287728391059999922e+00 2.342184384829999910e+00 6.353296925910000027e+03
5.117903184809999839e-01 4.041735365270000130e-02 3.774155212780000056e+03
3.708464676209999866e-01 1.948839120410000153e-02 3.634479778349999833e+03
1.111776963959999920e+00 1.170198392579999913e+00 5.938245921280000402e+03
5.993966866519999659e-01 6.768467398779999533e-02 3.945216971110000031e+03
2.110941644960000030e+00 2.043666223430000173e+01 9.418719223719999718e+03
4.173319363610000221e-01 2.467677685870000096e-02 3.674594452519999777e+03
7.203865133669999921e-01 1.451471865670000139e-01 4.353720220930000323e+03
8.735825307119999827e-01 3.620188685460000166e-01 5.062983091389999572e+03
4.485675782849999904e-01 2.889752382579999918e-02 3.701836464280000200e+03
1.114452105880000099e+00 1.183760146570000060e+00 5.945024193700000069e+03
6.138772771279999985e-01 7.404949481740000228e-02 3.983396364589999848e+03
7.279299002919999984e-01 1.521791515829999941e-01 4.385366968809999889e+03
5.823733864750000322e-01 6.097956323530000222e-02 3.904103679929999998e+03
1.028462379870000110e+00 8.025613615740000428e-01 5.695363464099999874e+03
6.758838256320000015e-01 1.095406760509999994e-01 4.180525181469999552e+03
5.597781681250000307e-01 5.324001529729999876e-02 3.855655760189999910e+03
1.001832051769999898e+00 7.062512431470000518e-01 5.603180806780000239e+03
1.559915155870000014e-01 3.174803098220000189e-03 3.120633228270000018e+03
7.511414618480000138e-01 1.758334851629999862e-01 4.486302504029999909e+03
5.361056297980000274e-01 4.636609758639999995e-02 3.812016596450000179e+03
1.142265980909999978e+00 1.331865988209999907e+00 6.012956090079999740e+03
4.919061173540000276e-01 3.625552410369999728e-02 3.747849391790000027e+03
2.729031669449999975e-01 1.084049436050000051e-02 3.497846185779999814e+03
1.521117246690000036e+00 4.998094330309999833e+00 7.141432934239999668e+03
7.099023291420000215e-01 1.358779451999999888e-01 4.310777046590000282e+03
1.083229551739999907e+00 1.032329946329999970e+00 5.862149988219999614e+03
4.504365241289999822e-01 2.917486434169999990e-02 3.703576485770000090e+03
5.547443542900000191e-01 5.167921683869999838e-02 3.845783058739999888e+03
2.805527944630000214e-01 1.144445567860000006e-02 3.512997601340000074e+03
1.447538286319999923e+00 4.001479866190000401e+00 6.856845571619999646e+03
5.484363970819999823e-01 4.980112216469999992e-02 3.833870100090000051e+03
3.994669188980000119e-01 2.255589822890000096e-02 3.659658773350000047e+03
1.268241156270000003e+00 2.181733438729999808e+00 6.304174205190000066e+03
5.255221563469999468e-01 4.365002144329999806e-02 3.794714854249999917e+03
1.025479893520000019e+00 7.912960966159999776e-01 5.685416212909999558e+03
4.647053799199999946e-01 3.140062524139999867e-02 3.717479054079999969e+03
8.004285862150000153e-01 2.372819066269999944e-01 4.714098430179999923e+03
7.895056606720000092e-01 2.222436949190000066e-01 4.662463971580000361e+03
7.236615752139999858e-01 1.481621947569999875e-01 4.367385375699999713e+03
1.290652717399999982e+00 2.366988658499999953e+00 6.360866993910000019e+03
9.183507994399999763e-01 4.619729942470000017e-01 5.267571046619999834e+03
1.882254845879999916e+00 1.261823913049999923e+01 8.597678932409999106e+03
1.560779349029999929e+00 5.603874640669999962e+00 7.302292267589999938e+03
1.652605698929999978e+00 7.206735089850000442e+00 7.681810201139999663e+03
1.041155909880000063e+00 8.519013215409999562e-01 5.736658173720000377e+03
5.397808732900000184e-01 4.735838543930000200e-02 3.818335380189999796e+03
8.058768431759999462e-01 2.451053082480000034e-01 4.739998260229999687e+03
1.862577555849999955e+00 1.206755926449999983e+01 8.522775246870000046e+03
1.356777909909999913e+00 2.980637258089999797e+00 6.548065899119999813e+03
5.381410015240000178e-01 4.691240623939999660e-02 3.815495824850000190e+03
3.834277053099999777e-01 2.079320637109999953e-02 3.645889430369999900e+03
6.071890465070000076e-01 7.103040349559999744e-02 3.965392727909999849e+03
1.220384890150000068e+00 1.822100219980000047e+00 6.191226749299999938e+03
1.348328588059999888e-01 2.200625967760000065e-03 3.016702538909999930e+03
7.551742555249999489e-01 1.802683887880000002e-01 4.504332664769999610e+03
1.745815828080000021e+00 9.145575348930000459e+00 8.063442577679999886e+03
7.810617673959999729e-01 2.111927973920000035e-01 4.622911236079999981e+03
1.319412357780000100e+00 2.621304260170000067e+00 6.438379812559999664e+03
3.580860445549999826e-01 1.822420267249999851e-02 3.622063399369999843e+03
6.570259182340000281e-01 9.718275553039999737e-02 4.114861643639999784e+03
1.271536358979999948e+00 2.208279570549999793e+00 6.312327014700000291e+03
6.260524388089999670e-01 7.991352994210000615e-02 4.017806586889999835e+03
1.459052156050000049e+00 4.146987644630000247e+00 6.899757432770000378e+03
1.630190974690000072e+00 6.788548167900000152e+00 7.588972933310000371e+03
4.625253302189999971e-01 3.104758117790000146e-02 3.715277611189999789e+03
6.552822968179999874e-01 9.611412153300000205e-02 4.109038189720000446e+03
3.534262569220000261e-01 1.777573497850000114e-02 3.617263567089999924e+03
5.687723081009999682e+00 1.589024651660000018e+03 1.581765985999999975e+04
1.243579733610000071e+00 1.990447604220000111e+00 6.244866380159999608e+03
1.254623001369999935e+00 1.046899818029999985e+00 9.216240690260000702e+04
9.784300845619999798e-01 6.294545436399999749e-01 5.516282676240000001e+03
4.561914340909999921e-01 3.004891646820000151e-02 3.709045372909999969e+03
5.167302694040000199e-01 4.154426948110000184e-02 3.781314328330000080e+03
2.361418888869999955e-01 8.089430102480000065e-03 3.410576912890000131e+03
7.068118798360000232e-01 1.332542068320000106e-01 4.298359777630000281e+03
1.813556606049999909e+00 1.077032952230000085e+01 8.332946681830000671e+03
6.458424228150000390e-01 9.053531995319999415e-02 4.078250760259999879e+03
1.208711109560000052e+00 1.741473009819999973e+00 6.164724132999999711e+03
7.325656479359999862e-01 1.566560514800000026e-01 4.405110660500000449e+03
6.031418800150000203e-01 6.927012194489999553e-02 3.954806766610000068e+03
5.330895000549999985e-01 4.557103149049999968e-02 3.806951983580000160e+03
2.314416731340000144e+00 2.994508858909999915e+01 1.008298497599999973e+04
3.211008057829999873e-01 1.482625047689999954e-02 3.578772126490000119e+03
3.252138878920000087e-01 1.518756382230000007e-02 3.584254074209999999e+03
5.807710951800000299e-01 6.038886672129999827e-02 3.900440753719999975e+03
2.690775868959999761e-01 1.054240803390000050e-02 3.489902912529999867e+03
7.879953963750000456e-01 2.202309117039999986e-01 4.655363987970000380e+03
8.276414088860000184e-01 2.785949872849999842e-01 4.844090337220000038e+03
1.547687791820000047e+00 5.398386505689999559e+00 7.248819395749999785e+03
1.545365925030000032e+00 5.362516898740000038e+00 7.239369781510000394e+03
6.484181379419999836e-01 9.202340938979999829e-02 4.086526826950000213e+03
4.055052047300000129e-01 2.325254763949999998e-02 3.664719638049999958e+03
8.874044516129999671e-01 3.907974769879999921e-01 5.127457410910000362e+03
4.900892622579999802e-01 3.590299834019999858e-02 3.745633423610000136e+03
7.859351949509999491e-01 2.175108083479999899e-01 4.645696031149999726e+03
2.277881711590000080e+00 2.804016429480000028e+01 9.967878597310000259e+03
2.387782421639999875e+00 3.405323505030000319e+01 1.030912806640000053e+04
