2.468495492609999786e+00 3.752918397679999885e+01 1.066576466439999967e+04
4.005926447359999809e-01 2.268237495810000032e-02 3.660617942819999826e+03
6.223225206360000206e-01 7.802913523049999356e-02 4.006868929650000155e+03
1.223252579650000005e+00 1.828305781909999927e+00 6.194721258890000172e+03
3.947588455059999890e-01 2.202399957159999894e-02 3.655691084269999919e+03
8.184792313880000503e-01 2.636629231979999988e-01 4.799263378010000451e+03
8.101098490379999850e-01 2.509777825789999972e-01 4.759275977340000281e+03
3.687923286429999781e+00 1.773525019550000081e+02 1.400749722739999925e+04
1.323177917510000023e+00 2.630921160809999826e+00 6.446759842380000009e+03
6.712709563369999577e-01 1.063050260619999993e-01 4.163667358290000266e+03
1.495428534560000022e+00 4.573890816099999590e+00 7.041139342170000418e+03
3.259932683669999887e-01 1.525560986990000083e-02 3.585279496550000204e+03
5.839323232119999485e-01 6.154050945589999849e-02 3.907619373600000017e+03
1.424514488500000065e+00 3.679884632609999873e+00 6.772922693989999971e+03
1.070829391450000001e+00 9.718685305809999786e-01 5.824457867099999930e+03
6.522586395199999609e-01 9.423356552919999463e-02 4.098771486730000106e+03
8.320926145450000533e-01 2.854553927430000249e-01 4.864476957380000385e+03
1.528081435700000101e+00 5.033925321079999904e+00 7.172123641899999711e+03
1.778040402570000067e+00 9.718995784180000541e+00 8.210188239790000807e+03
8.525980629749999595e-01 3.211184164270000085e-01 4.962567230519999612e+03
9.383857901530000545e-01 5.121420669139999937e-01 5.353201238659999945e+03
9.797621493899999479e-01 6.319609501259999540e-01 5.520293800379999993e+03
2.664159281290000014e-01 1.033620292450000006e-02 3.484233575149999979e+03
9.507503613350000160e-01 5.458954796320000247e-01 5.404921532559999832e+03
6.570384308879999580e-01 9.713047046549999619e-02 4.114616311030000361e+03
1.473332602029999938e+00 4.280250476360000000e+00 6.954825380399999631e+03
7.068716884360000119e-01 1.331843689980000134e-01 4.298083236180000313e+03
6.220836450300000209e-01 7.791247134050000023e-02 4.006186843869999848e+03
7.684244388800000047e-01 1.953214216689999894e-01 4.563725757240000348e+03
1.060588489399999945e+00 9.279117984450000467e-01 5.794519846420000249e+03
1.686913375300000073e+00 7.755307991029999570e+00 7.834104954770000404e+03
6.066400772379999529e-01 7.076026778190000477e-02 3.963812827839999954e+03
7.954180273459999784e-01 2.299698165719999965e-01 4.689501863319999757e+03
8.507992725130000267e-01 3.178487674800000162e-01 4.953988574369999697e+03
1.090631092039999972e+00 1.061317276330000059e+00 5.879651910100000350e+03
2.250979466870000056e+00 2.589597235129999930e+01 9.958361350400000447e+03
5.232426797239999594e-01 4.308341398349999768e-02 3.791159840220000206e+03
9.980330047209999833e-01 6.913523361319999783e-01 5.588391603670000222e+03
1.210249449980000058e+00 1.739020195109999944e+00 6.165092678050000359e+03
5.729275464619999481e-01 5.757501244160000142e-02 3.882953158780000194e+03
6.273726263350000165e-01 8.054028229100000658e-02 4.021479380329999913e+03
1.169917375570000084e+00 1.482477016300000061e+00 6.073859834789999695e+03
1.088111772079999984e+00 1.049604714610000045e+00 5.872816341239999929e+03
1.712095881950000120e-01 3.968532075929999577e-03 3.187608668889999990e+03
6.670339622559999793e-01 1.034858021319999960e-01 4.148774852380000084e+03
4.266739986209999724e-01 2.586129669059999969e-02 3.682490071910000097e+03
6.064754114329999890e-01 7.068802582579999938e-02 3.963379265990000022e+03
1.257568754300000036e+00 2.080108828809999810e+00 6.275308353419999548e+03
3.844378559679999974e+00 2.073078081879999957e+02 1.438195633149999958e+04
7.373671663130000331e-01 1.612534772489999935e-01 4.425172496529999989e+03
8.726128939639999915e-01 3.594089521550000166e-01 5.057378714380000019e+03
3.565410482490000144e-01 1.807357253070000086e-02 3.620498976110000058e+03
1.698266512730000066e+00 7.982984814229999948e+00 7.881469120769999790e+03
1.225704789239999926e+00 1.845514636909999950e+00 6.200349577400000271e+03
8.757384435930000155e-01 3.657128309170000202e-01 5.072048657029999958e+03
7.929150320760000037e-01 2.265461917140000059e-01 4.677687991980000334e+03
5.672849073500000339e-01 5.565874273919999699e-02 3.870940484749999996e+03
4.525486733579999754e-01 2.948875595220000131e-02 3.705580575609999869e+03
7.956251324390000157e-01 2.302550904150000022e-01 4.690480488750000404e+03
7.252736849980000455e-01 1.495208416809999941e-01 4.373580666490000112e+03
7.096427209519999835e-01 1.355318219720000050e-01 4.309205534789999547e+03
1.009895707979999946e+00 7.321770183350000405e-01 5.630689565409999886e+03
7.547949559080000537e-01 1.796455100959999940e-01 4.501951931859999604e+03
1.692016170919999896e+00 7.857059767269999995e+00 7.855407011340000281e+03
1.314120818419999948e+00 2.549203991520000212e+00 6.421369845219999661e+03
1.514096387920000009e+00 4.833019667190000312e+00 7.115586091340000166e+03
3.206303759990000168e-01 1.478437437920000069e-02 3.578140553149999960e+03
9.059676811179999678e-01 4.314452348189999897e-01 5.211210871410000436e+03
7.857175056590000040e-01 2.169464192920000090e-01 4.643867184380000253e+03
4.447106223630000188e-01 2.833181151650000090e-02 3.698312910099999954e+03
1.362072377650000110e+00 3.003615744499999796e+00 6.562842937360000178e+03
1.453808878100000035e+00 4.032293879880000098e+00 6.880483056760000181e+03
6.306322188190000011e-01 8.220719294429999768e-02 4.031102731179999864e+03
8.188400164260000169e-01 2.642217737349999984e-01 4.800989712190000319e+03
5.995565151630000145e-01 6.772589807730000633e-02 3.945508135019999827e+03
1.713794154179999918e+00 8.302027465900000180e+00 7.946053237680000166e+03
7.912614092719999492e-01 2.243086327970000016e-01 4.669897222149999834e+03
3.590828291419999818e+00 1.603766937409999969e+02 1.377000794239999959e+04
7.186539081489999869e-01 1.434388220610000042e-01 4.345986193190000449e+03
1.747224847960000105e+00 9.019546475269999419e+00 8.084178802100000212e+03
2.459031585870000036e+00 3.695832355379999967e+01 1.063595036210000035e+04
1.205721208199999950e+00 1.708695274299999900e+00 6.154838984269999855e+03
6.384640385109999761e-01 8.636450200930000098e-02 4.054843047759999990e+03
8.948129376440000504e-01 4.061630554740000010e-01 5.160501275489999898e+03
3.119498663859999743e-01 1.403454434480000054e-02 3.565869382779999796e+03
6.131320235570000277e-01 7.367479635660000026e-02 3.981212317609999900e+03
8.265857514290000374e-01 2.764638801040000260e-01 4.838084784820000095e+03
1.411641518839999998e+00 3.532279576200000104e+00 6.727355497399999877e+03
1.947442933250000063e+00 1.426763289059999984e+01 8.875817489940000087e+03
3.091879921239999995e-01 1.379918304949999917e-02 3.561769059279999965e+03
3.233892638799999997e+00 1.077168011450000051e+02 1.286026029569999992e+04
7.185338272700000362e-01 1.433306612409999958e-01 4.345490048880000359e+03
1.173779180689999979e+00 1.505743360809999931e+00 6.082650489040000139e+03
1.333370101389999896e+00 2.725135110800000149e+00 6.476062427869999738e+03
1.167336686450000105e+00 1.467078414639999995e+00 6.067968598620000193e+03
1.104005594270000001e+00 1.125144017090000004e+00 5.915083918070000436e+03
2.991463028399999891e-01 1.295593937160000042e-02 3.546010702959999890e+03
4.074192174840000069e-01 2.347543092350000069e-02 3.666331010800000058e+03
2.699472699469999792e+00 5.347612771290000211e+01 1.137014139040000009e+04
1.282101104000000102e+00 2.275070865710000056e+00 6.336230670310000278e+03
2.529963516820000091e+00 4.138938676930000327e+01 1.085748089240000081e+04
1.174057458929999909e+00 1.507430304219999906e+00 6.083282883969999602e+03
6.885556469219999975e-01 1.186190811809999940e-01 4.226905092089999926e+03
7.384224459960000431e-01 1.623164232969999954e-01 4.429743181720000393e+03
1.455273041509999921e+00 4.050521235869999792e+00 6.885989293939999698e+03
5.945547864689999518e-01 6.567163807060000247e-02 3.933008456919999844e+03
1.677974613129999959e+00 7.579332402260000379e+00 7.796740427740000086e+03
2.084459372310000003e+00 1.891486379990000088e+01 9.380400057770000785e+03
6.378442987589999502e-01 8.602754870770000506e-02 4.052932683300000008e+03
6.129408385579999674e-01 7.358709077750000271e-02 3.980691359670000111e+03
6.241777168759999883e-01 7.894165864490000628e-02 4.012193948160000218e+03
2.311180652369999866e-01 7.734002683390000209e-03 3.396639380590000201e+03
6.822676157079999859e-01 1.139845131470000050e-01 4.203444560560000355e+03
8.414472166719999535e-01 3.012914408740000050e-01 4.909289489480000157e+03
1.577810328430000020e+00 5.796937923799999837e+00 7.377019772399999965e+03
1.478967800509999986e+00 4.353811712179999738e+00 6.976632841829999961e+03
7.400943599949999507e-01 1.640136088030000050e-01 4.437006338600000163e+03
1.037746233040000021e+00 8.353196821510000536e-01 5.724024810160000015e+03
3.503423477770000183e-01 1.748139427650000077e-02 3.614007491180000216e+03
1.763149841569999987e+00 9.376377020230000525e+00 8.149467440909999823e+03
2.805396550779999942e-01 1.144294695109999982e-02 3.512978169959999832e+03
1.930525346979999890e+00 1.375675304199999971e+01 8.811495011850000083e+03
5.481704182240000334e-01 4.971205676539999785e-02 3.833353031159999773e+03
1.027203939300000091e+00 7.950474820990000024e-01 5.689671682490000421e+03
1.394391715930000109e+00 3.341252782230000218e+00 6.668071761090000109e+03
1.008852464280000083e+00 7.285137652109999751e-01 5.627030737170000066e+03
7.694725565479999529e-01 1.965758326819999902e-01 4.568531146500000432e+03
9.444812231029999783e-01 5.285694667689999626e-01 5.378879499280000346e+03
1.597633113389999915e+00 6.122948886479999686e+00 7.459790514970000004e+03
9.387274121690000195e-01 5.130519456250000054e-01 5.354649533720000363e+03
1.135334517060000020e-01 1.384684605130000103e-03 2.897042274830000224e+03
4.246888263129999785e-01 2.560418031860000124e-02 3.680803321809999943e+03
6.655302858610000483e-01 1.025034626319999975e-01 4.143548402350000288e+03
6.225121504909999492e-01 7.812188298279999776e-02 4.007410978140000225e+03
3.724807186669999992e-01 1.965298581150000043e-02 3.636013582699999915e+03
2.700415974999999857e+00 5.354959675189999757e+01 1.137293287059999966e+04
9.393661258990000373e-01 5.147565273219999460e-01 5.357354453640000429e+03
2.180746162290000123e-01 6.837498281750000080e-03 3.357998703459999888e+03
2.012405461749999791e+00 1.635482349790000001e+01 9.118539169309999124e+03
3.871693351089999791e-01 2.119212843830000151e-02 3.649174361939999926e+03
1.168403819069999905e+00 1.473431378369999933e+00 6.070406422259999999e+03
3.370343898109999792e+00 1.261224728979999981e+02 1.321519069529999979e+04
2.129530491650000190e+00 2.065314558669999911e+01 9.540404251269999804e+03
7.446409792270000105e-01 1.687111339200000060e-01 4.456889284849999967e+03
3.758291537280000205e-01 1.999623604049999975e-02 3.639093368320000081e+03
7.871978843279999749e-01 2.188914666229999917e-01 4.650803882039999735e+03
9.649193233289999894e-01 5.866988604209999458e-01 5.462349552050000057e+03
9.759354547749999886e-01 6.200401205750000200e-01 5.505576884850000170e+03
9.714326213789999942e-01 6.062380384319999704e-01 5.488061156020000453e+03
1.118690020669999896e+00 1.198467906849999931e+00 5.952450920539999970e+03
3.294626769040000180e+00 1.156571854120000040e+02 1.301938378270000067e+04
7.485997939140000002e-01 1.729005467970000098e-01 4.474353241279999565e+03
1.971733635209999891e+00 1.502442435260000053e+01 8.967350314229999640e+03
1.564304305440000098e+00 5.582051799330000286e+00 7.320904807449999680e+03
3.536191921649999848e-01 1.779301354630000165e-02 3.617475018489999911e+03
3.068975473700000234e-01 1.360513654200000075e-02 3.558293789400000151e+03
4.905595237929999963e-01 3.598884610739999657e-02 3.746225065189999896e+03
3.960919021240000060e+00 2.318142053200000134e+02 1.465460732819999976e+04
3.584290665459999858e-01 1.825625712399999920e-02 3.622420508789999985e+03
1.447407260140000096e+00 3.953293065320000022e+00 6.856547776499999600e+03
8.734697042950000379e-01 3.611281426779999748e-01 5.061404506550000406e+03
1.335977279699999964e-01 2.148648582640000013e-03 3.010211317799999961e+03
1.106438902719999895e+00 1.137055087160000033e+00 5.921378974100000050e+03
8.178815823139999885e-01 2.627393792509999937e-01 4.796404049249999844e+03
8.503567640439999575e-01 3.170486637559999932e-01 4.951877111189999596e+03
1.036347051219999926e+00 8.298868231070000157e-01 5.719532928659999925e+03
6.009586367679999874e-01 6.831473367410000053e-02 3.949075193980000222e+03
1.024301607850000018e+00 7.842261449880000290e-01 5.680006650870000158e+03
8.018887070919999971e-01 2.390281953470000109e-01 4.720150570460000381e+03
2.135388545260000104e+00 2.088707384730000172e+01 9.560996498439999414e+03
1.038241123509999975e+00 8.372477766620000095e-01 5.725608683039999960e+03
2.369652633650000118e-01 8.147919022109999590e-03 3.412817108749999989e+03
1.752411673439999928e+00 9.134688234349999547e+00 8.105481939190000048e+03
8.635956530639999906e-01 3.417186106819999902e-01 5.014830404739999722e+03
5.114326453059999666e-01 4.033066369959999869e-02 3.773659851339999932e+03
1.053612534360000019e+00 8.988455131410000298e-01 5.773547671469999841e+03
2.499730569830000138e-01 9.093807564759999809e-03 3.446373241280000002e+03
4.110243792239999805e-01 2.390474326819999953e-02 3.669338796120000097e+03
7.810243819709999924e-01 2.108795018329999993e-01 4.621949329879999823e+03
6.391392050199999897e-01 8.673317587220000235e-02 4.056930471399999988e+03
1.013901675640000111e+00 7.463756241790000523e-01 5.644629217970000354e+03
3.367685803109999876e-01 1.622222948950000077e-02 3.598688779529999920e+03
2.190790928399999782e+00 2.319299664880000122e+01 9.753526234490000206e+03
1.078072891699999980e+00 1.003899696970000033e+00 5.845046305369999573e+03
9.567512593089999573e-01 5.628954646170000187e-01 5.429489678279999680e+03
1.134409226300000073e+00 1.280863224309999993e+00 5.990961312290000023e+03
2.899241390569999854e+00 7.068536690919999899e+01 1.194761490360000062e+04
8.460688510739999835e-01 3.093817989950000125e-01 4.931397103930000412e+03
8.413249873620000097e-01 3.010798897199999935e-01 4.908704422599999816e+03
4.531513601859999962e-01 2.958000376169999876e-02 3.706151817959999789e+03
5.819533192039999525e-01 6.080442481570000335e-02 3.903061688209999829e+03
3.688280511659999816e-01 1.928331032349999904e-02 3.632589909310000166e+03
3.035854429620000183e-01 1.332633412750000058e-02 3.553145414739999978e+03
5.913733264079999996e-01 6.440186694909999510e-02 3.925239901190000182e+03
5.324269910459999977e-01 4.538948583869999859e-02 3.805846732309999879e+03
2.013652157350000138e+00 1.639690001849999845e+01 9.123136283850000837e+03
6.430449169099999862e-01 8.889862026599999745e-02 4.069132650840000224e+03
7.884568096899999823e-01 2.205574751000000111e-01 4.656711134549999770e+03
5.769185797360000256e-01 5.897755329220000231e-02 3.891708249740000156e+03
6.498025057880000288e-01 9.277972134310000230e-02 4.090753803890000199e+03
1.157500768869999946e-01 1.461500927369999928e-03 2.910328760719999991e+03
3.456196410369999916e-01 1.703767749319999927e-02 3.608859364800000094e+03
2.571779511539999952e+00 4.417019259349999771e+01 1.098606416270000045e+04
8.408697391160000478e-01 3.002930480189999751e-01 4.906525167040000269e+03
1.597352267280000016e+00 6.118240651129999819e+00 7.458615208330000314e+03
1.789547469660000001e-01 4.400386333170000323e-03 3.219390272510000159e+03
1.377301050960000106e+00 3.159466790130000202e+00 6.611450340000000324e+03
1.188125099230000092e+00 1.594549352320000057e+00 6.115120930250000129e+03
1.239340362100000092e+00 1.943386241500000056e+00 6.231964022180000029e+03
7.283114681029999593e-01 1.523914206699999996e-01 4.386400042639999810e+03
1.122480295419999941e+00 1.217961629850000005e+00 5.961867212449999897e+03
5.654774236509999552e-01 5.506101937559999826e-02 3.867182260779999979e+03
2.900938135619999803e-01 1.221197340330000027e-02 3.530591380790000130e+03
7.845955586749999711e-01 2.154823600680000062e-01 4.638617181569999957e+03
6.826086438749999763e-01 1.142312451649999949e-01 4.204703737060000094e+03
8.564058218669999833e-01 3.281316052730000044e-01 4.980701336940000147e+03
7.298243483480000293e-01 1.538399930150000094e-01 4.392820099509999636e+03
9.033463723729999728e-01 4.253933097929999962e-01 5.199370270360000177e+03
8.783127665169999654e-01 3.709724376799999890e-01 5.084097789639999974e+03
3.979085591950000111e-01 2.237732864110000136e-02 3.658358011719999922e+03
1.294174904259999925e+00 2.375774174790000082e+00 6.367524347489999855e+03
3.648840395980000206e+00 1.703746930359999965e+02 1.391238517359999969e+04
9.357766590330000023e-01 5.052348891589999447e-01 5.342104675300000054e+03
1.184260290129999893e+00 1.570253369090000017e+00 6.106393678139999793e+03
7.871637744530000091e-01 2.188464798389999910e-01 4.650643932490000225e+03
1.204155714289999901e+00 1.698302719650000014e+00 6.151299335790000441e+03
1.040320826829999934e+00 8.453875019459999862e-01 5.732236744490000092e+03
1.929202238600000063e+00 1.371735149599999914e+01 8.806444391420000102e+03
1.286308512710000018e+00 2.309802272369999798e+00 6.347030141790000016e+03
2.991653624089999908e-01 1.295752174390000025e-02 3.546041922160000013e+03
6.045860057070000515e-01 6.986497197219999900e-02 3.958431950849999794e+03
4.393025467830000141e-01 2.756427763910000023e-02 3.693454409110000142e+03
9.185922650660000022e-01 4.615660364799999971e-01 5.267526635850000275e+03
4.783092499800000175e-01 3.371503726450000155e-02 3.731969118819999949e+03
4.914175900280000064e-01 3.615528017760000212e-02 3.747271646860000146e+03
1.258607601380000052e+00 2.088107175170000218e+00 6.277823263680000309e+03
1.010498937179999945e+00 7.343016674160000035e-01 5.632799788889999945e+03
1.592275890720000087e+00 6.033583143989999620e+00 7.437382551239999884e+03
1.253843613789999978e+00 2.051612493199999943e+00 6.266332653309999841e+03
4.266889072500000268e-01 2.586323802209999911e-02 3.682502769520000129e+03
7.844863991870000275e-01 2.153403759679999863e-01 4.638106720679999853e+03
2.338333943989999941e+00 3.020445120819999829e+01 1.024827958209999997e+04
9.984652492209999952e-01 6.928078260350000184e-01 5.589958804859999873e+03
1.596435365989999910e+00 6.102887297939999733e+00 7.454778528640000332e+03
3.972713975109999907e-01 2.230545438950000056e-02 3.657819933669999955e+03
1.375619851359999979e+00 3.141980121530000059e+00 6.605997870940000212e+03
1.602509358320000077e+00 6.205109836960000180e+00 7.480206472589999976e+03
4.413447363910000254e-01 2.785127656650000089e-02 3.695275578459999906e+03
8.250939382070000550e-01 2.740695450410000067e-01 4.830936691900000369e+03
3.973238180509999773e-01 2.231135991509999861e-02 3.657864227850000134e+03
1.070874910699999960e+00 9.720673698030000143e-01 5.824588739709999572e+03
1.121330418299999909e+00 1.212022819269999996e+00 5.959019810220000181e+03
1.305163861390000068e+00 2.470221138749999934e+00 6.396845771889999924e+03
1.567898553320000055e+00 5.638671407640000410e+00 7.335811270410000361e+03
2.481769163090000063e+00 3.834029163870000190e+01 1.070744530750000013e+04
4.192044731980000272e-01 2.490774304390000124e-02 3.676178408279999985e+03
9.157644970189999789e-01 4.546775453019999969e-01 5.255018837329999769e+03
1.929415126249999890e+00 1.372368579439999969e+01 8.807257231080000565e+03
1.371950321039999920e+00 3.104055742329999923e+00 6.594170939159999762e+03
1.441888252750000099e+00 3.886084380629999835e+00 6.836099356220000118e+03
1.649802179769999988e+00 7.043311269750000214e+00 7.678667834300000322e+03
1.190869147089999913e+00 1.611967712210000014e+00 6.121312725030000365e+03
3.633505803459999850e-01 1.873781214050000005e-02 3.627316717960000005e+03
4.982925893710000165e-01 3.752469029689999708e-02 3.755899135029999798e+03
5.431968131729999483e-01 4.829351222830000068e-02 3.824336025630000222e+03
1.426469030850000097e+00 3.702678677319999778e+00 6.779936107129999982e+03
6.692287948189999947e-01 1.049367091299999999e-01 4.156458975819999978e+03
2.031949884009999874e+00 1.702331069310000089e+01 9.190334178429999156e+03
2.040125344170000132e-01 5.915472765189999649e-03 3.312223960679999891e+03
7.522575041650000349e-01 1.768547141840000059e-01 4.490609242280000217e+03
5.942645317029999763e-01 6.555461657899999683e-02 3.932293848710000020e+03
6.513416452210000207e-01 9.368804145259999883e-02 4.095768198650000159e+03
1.505683014159999944e+00 4.714964396100000066e+00 7.081877839699999640e+03
1.091377092769999946e+00 1.064804353300000006e+00 5.881666041440000299e+03
7.624101564280000298e-01 1.882597555739999873e-01 4.536297943620000297e+03
5.319168605309999576e-01 4.525739932169999674e-02 3.805005333489999884e+03
8.423651378130000422e-01 3.028841169100000008e-01 4.913682674349999616e+03
2.440946648899999794e+00 3.588452981289999855e+01 1.057874999500000013e+04
5.297990092350000069e-01 4.471414413069999677e-02 3.801544780610000089e+03
6.275632142229999877e-01 8.063674143229999924e-02 4.022037888559999828e+03
7.709014504479999585e-01 1.982974487639999894e-01 4.575094002200000432e+03
4.754200186359999747e-01 3.320532465280000289e-02 3.728783228790000067e+03
6.512545776339999648e-01 9.363641426759999886e-02 4.095483652439999787e+03
6.480797253860000051e-01 9.177383117779999711e-02 4.085180588669999906e+03
1.075816586359999993e+00 9.938377761379999509e-01 5.838683899280000333e+03
9.977049640199999736e-01 6.902493076860000132e-01 5.587200858569999582e+03
2.643190491229999939e+00 4.921970486099999675e+01 1.120239415159999953e+04
1.082783311170000040e+00 1.025153860210000101e+00 5.858184280819999913e+03
6.880884155959999804e-01 1.182684602129999984e-01 4.225144277620000139e+03
1.600905148280000079e+00 6.177993755110000151e+00 7.473488032160000330e+03
7.321562265209999865e-01 1.560976796480000039e-01 4.402761391469999580e+03
4.323731490619999729e-01 2.661502237169999924e-02 3.687381879680000111e+03
8.172508547119999855e-01 2.617676969619999738e-01 4.793387006789999759e+03
6.032006114029999644e-01 6.926828163449999520e-02 3.954836427249999815e+03
8.839883465440000476e-01 3.827859866069999728e-01 5.110547027610000441e+03
5.920301557029999939e-01 6.466170429280000687e-02 3.926832196570000178e+03
4.173782563160000070e-01 2.468021126149999925e-02 3.674647173910000220e+03
8.263068829009999616e-01 2.760149656220000081e-01 4.836748486839999714e+03
3.653326648479999772e-01 1.893401400370000112e-02 3.629245249210000111e+03
7.667016495570000423e-01 1.932749559020000008e-01 4.555843252540000321e+03
1.101128769890000081e+00 1.111183110330000057e+00 5.907585539259999678e+03
1.190540819780000037e+00 1.609876218329999942e+00 6.120572003219999715e+03
2.310889745970000075e-01 7.731961508940000255e-03 3.396557153239999934e+03
4.742383077210000075e-01 3.299962853700000309e-02 3.727498373609999817e+03
8.663096493209999638e-01 3.469661869180000191e-01 5.027669173309999678e+03
5.979568328230000507e-01 6.706107863389999812e-02 3.941472238169999855e+03
1.058050299150000040e+00 9.172546211109999792e-01 5.786944441689999621e+03
4.795531069669999868e-01 3.393749485940000116e-02 3.733360560650000025e+03
7.383014132870000523e-01 1.621941865969999952e-01 4.429218417930000214e+03
5.756615611630000462e-01 5.853151470529999872e-02 3.888927487899999960e+03
8.406008869479999479e-01 2.998291755599999941e-01 4.905238074689999848e+03
1.565343328870000050e+00 5.598377369769999667e+00 7.325211795070000335e+03
9.373359380619999959e-01 5.093538632580000280e-01 5.348743719539999802e+03
1.713220149360000111e+00 8.290074776229999998e+00 7.943670189970000138e+03
9.030930156109999718e-01 4.248120077099999947e-01 5.198223294350000288e+03
9.389477954910000479e-01 5.136395938240000403e-01 5.355583271090000380e+03
4.666727552620000274e-01 3.171959662539999836e-02 3.719510320349999802e+03
1.491491562880000066e+00 4.520543089480000276e+00 7.025607314429999860e+03
6.064620124549999769e-01 7.068215106259999325e-02 3.963344003629999861e+03
5.180805721129999597e-01 4.185186794859999809e-02 3.783323982360000173e+03
3.770641082480000073e+00 1.927799898780000092e+02 1.420670703540000068e+04
5.687622267640000118e-01 5.615303389580000165e-02 3.874044444999999996e+03
7.396419538239999980e-01 1.635527713619999990e-01 4.435038383619999877e+03
4.736002978210000158e+00 4.492733244020000143e+02 1.634783504360000006e+04
1.316720539729999917e+00 2.572468676060000181e+00 6.428596103650000259e+03
1.290151937899999934e+00 2.341865962139999979e+00 6.356993183839999801e+03
3.673811829260000272e-01 1.913820529560000122e-02 3.631213881770000171e+03
6.105983871200000301e-01 7.252180110080000408e-02 3.974350599070000044e+03
4.109699115479999998e-01 2.389820095990000115e-02 3.669293358060000173e+03
7.676851813249999656e-01 1.944409313980000054e-01 4.560340859939999973e+03
8.074336087629999659e-01 2.470329236459999911e-01 4.746519688110000061e+03
8.679796073800000178e-01 3.502278223670000079e-01 5.035555616999999984e+03
1.849288913549999913e+00 1.148235209309999938e+01 8.495945989879999615e+03
1.616632405030000053e+00 6.447514381000000405e+00 7.539418139110000084e+03
1.345184588059999964e+00 2.837386003689999825e+00 6.511016855019999639e+03
8.367804622119999758e-01 2.933018678250000066e-01 4.886940957060000073e+03
1.602699711070000088e+00 6.208333016240000113e+00 7.481003787939999711e+03
2.137836158469999859e+00 2.098536646559999852e+01 9.569586756200000309e+03
2.958558965429999854e-01 1.268377547510000057e-02 3.540543778130000192e+03
7.405011893370000431e-01 1.644290321480000039e-01 4.438777675440000166e+03
1.894322119359999945e+00 1.270717650579999969e+01 8.672241863769999327e+03
1.867288824859999918e+00 1.196138529349999935e+01 8.566821219370000108e+03
6.357217052910000277e-01 8.488398062089999585e-02 4.046431070539999837e+03
1.405556090849999995e+00 3.464011762490000201e+00 6.706203377990000263e+03
1.095096779039999912e+00 1.082320640819999902e+00 5.891642087129999709e+03
6.106366452150000512e-01 7.253906242339999699e-02 3.974453533630000038e+03
7.166993709260000012e-01 1.416877833159999878e-01 4.337930441389999942e+03
4.333604947740000157e-01 2.674802482300000020e-02 3.688237976240000080e+03
9.668852307690000147e-01 5.925437560090000000e-01 5.470156471299999794e+03
8.174212577770000321e-01 2.620299142999999997e-01 4.794202061650000360e+03
5.234005115980000511e-01 4.312178395070000170e-02 3.791404097040000124e+03
6.427475388419999769e-01 8.873176678230000614e-02 4.068195987659999901e+03
7.940067469820000223e-01 2.280339905219999908e-01 4.682837674080000397e+03
6.994405135079999614e-01 1.270788612219999891e-01 4.268708023430000139e+03
2.073280038250000068e+00 1.850028490089999877e+01 9.340271788960000777e+03
5.352380456399999931e-01 4.612603917790000091e-02 3.810538354259999778e+03
1.476710121320000013e+00 4.324232008360000101e+00 6.967878168389999701e+03
7.333936791409999545e-01 1.573081283019999999e-01 4.408059150090000003e+03
5.156907261309999768e-01 4.129678046080000053e-02 3.779795320459999857e+03
1.310895208840000103e+00 2.520551679099999998e+00 6.412472007250000388e+03
1.863577592820000017e+00 1.186148084849999940e+01 8.552252616170000692e+03
1.125467795160000062e+00 1.233493040099999938e+00 5.969228370509999877e+03
7.762544454919999559e-01 2.048659845459999962e-01 4.599795185410000158e+03
8.877422861720000169e-01 3.907662349559999915e-01 5.127947522489999756e+03
1.524232437680000052e+00 4.978045642069999666e+00 7.156504360930000075e+03
1.429431612319999934e+00 3.737422460299999916e+00 6.790612992809999923e+03
5.362790566259999503e-01 4.640258112429999915e-02 3.812299625340000148e+03
6.359794713130000332e-01 8.502199225940000604e-02 4.047217205739999827e+03
4.719180777390000192e-01 3.260035644139999689e-02 3.725005521940000108e+03
6.574657677570000525e-01 9.739387604690000200e-02 4.116048423260000163e+03
1.870523936419999922e-01 4.870905582069999865e-03 3.251026862690000144e+03
4.639602168790000203e-01 3.127564180749999728e-02 3.716741227410000192e+03
8.414443715680000047e-01 3.012865152370000077e-01 4.909275871210000332e+03
1.189153468490000032e+00 1.601060728220000007e+00 6.117441715879999720e+03
5.905261392180000124e-01 6.406848841279999540e-02 3.923195006720000038e+03
2.619603976520000210e-01 9.994574384120000557e-03 3.474457248069999878e+03
1.572702381370000069e+00 5.714985344529999622e+00 7.355765729149999970e+03
1.133125430210000006e+00 1.273979727630000003e+00 5.987867088869999861e+03
1.416595636630000099e+00 3.588569069290000080e+00 6.744761657920000289e+03
1.133744782910000026e+00 1.277297134359999919e+00 5.989360911380000289e+03
9.578269291750000081e-01 5.659861547229999568e-01 5.433855685169999560e+03
6.876738737559999759e-01 1.179582256580000016e-01 4.223584377809999751e+03
4.553761409489999745e-01 2.991977092189999909e-02 3.708277117780000026e+03
5.015887421829999804e-01 3.820462019870000253e-02 3.760193318709999858e+03
4.066361707710000051e-01 2.338316482210000061e-02 3.665677315699999781e+03
7.241519378909999638e-01 1.484735890399999925e-01 4.368871476229999644e+03
3.100585751650000166e-01 1.387320902180000023e-02 3.563072090019999905e+03
6.186871291019999664e-01 7.627400498019999697e-02 3.996576410130000113e+03
1.263468028839999924e-01 1.854979208400000038e-03 2.971053875770000104e+03
7.136695728949999928e-01 1.390130794309999973e-01 4.325527634230000331e+03
1.948859987320000098e+00 1.431102498399999945e+01 8.881183811380000407e+03
1.776351678800000000e+00 9.679699880139999379e+00 8.203318375740000192e+03
1.405508663330000019e+00 3.463483482080000009e+00 6.706039531450000140e+03
1.274279977640000006e+00 2.211524802760000075e+00 6.316441862300000139e+03
6.954867755000000429e-01 1.239406125930000019e-01 4.253352087250000295e+03
4.843392973130000279e+00 4.877987123569999994e+02 1.656775504390000060e+04
1.028538014170000015e+00 8.000598058269999813e-01 5.694084055360000093e+03
6.531453126170000401e-01 9.476416618060000407e-02 4.101686666849999710e+03
1.150300750119999993e+00 1.368387737049999942e+00 6.028628122799999801e+03
6.424242613999999740e-01 8.855075364150000183e-02 4.067179167719999896e+03
9.314030908449999480e-01 4.938222596410000165e-01 5.323366213250000328e+03
4.520355112359999983e-01 2.941132622080000134e-02 3.705095662560000164e+03
1.678982964450000059e+00 7.599039843339999933e+00 7.800958293990000129e+03
1.567840733529999975e+00 5.637757344069999732e+00 7.335571309439999823e+03
7.422056502589999827e-01 1.661799538039999968e-01 4.446215655910000351e+03
8.970667691350000528e-01 4.111726160110000250e-01 5.170813643630000115e+03
3.157292217609999896e-01 1.435909666290000053e-02 3.571324587059999885e+03
5.659519138509999658e-01 5.521718537729999876e-02 3.868164656800000103e+03
1.987225294669999975e+00 1.552162992320000079e+01 9.025226524429999699e+03
4.543732402019999839e-01 2.976603396030000001e-02 3.707315788089999842e+03
1.211357907420000046e+00 1.746503408599999974e+00 6.167606704300000274e+03
7.420060385490000465e-01 1.659740260779999921e-01 4.445343194129999574e+03
7.277875811430000175e-01 1.518927518060000093e-01 4.384182380780000130e+03
8.553515584659999726e-01 3.261772987670000234e-01 4.975684205769999608e+03
7.204620794199999567e-01 1.450767669449999908e-01 4.353476313639999717e+03
2.877984195419999724e-01 1.202571070050000024e-02 3.526488648269999885e+03
2.744912876289999915e-01 1.096459177020000023e-02 3.501076656249999814e+03
3.958273255190000173e-01 2.214330911110000064e-02 3.656597831590000169e+03
1.232571507609999895e+00 1.894337094049999948e+00 6.216197457209999811e+03
8.673866402000000031e-01 3.490668178290000090e-01 5.032756515819999549e+03
9.447909736320000418e-01 5.294152170810000335e-01 5.380175060419999681e+03
3.768483317269999966e-01 2.010156851099999947e-02 3.640020417950000137e+03
1.048852667090000024e+00 8.794141993830000281e-01 5.758960388669999702e+03
6.160098493040000456e-01 7.500897994340000041e-02 3.989116870610000205e+03
4.160056906660000164e-01 2.451059264390000048e-02 3.673498401339999873e+03
5.307135904659999737e-01 4.494773887499999704e-02 3.803032773299999917e+03
6.130504410649999514e-01 7.363735653580000262e-02 3.980989950810000209e+03
1.665854925259999897e+00 7.345301843139999676e+00 7.745994171700000152e+03
1.201900161760000030e+00 1.683411304130000063e+00 6.146203167949999624e+03
7.007607448299999486e-01 1.281436638600000066e-01 4.273878239319999921e+03
1.098566976419999897e+00 1.098857059620000021e+00 5.900850805050000417e+03
1.470569483400000044e+00 4.244509520980000339e+00 6.944187388489999648e+03
5.843330290639999758e-01 6.169080671109999914e-02 3.908548762389999865e+03
9.198495251410000462e-01 4.646553551200000021e-01 5.273067230910000035e+03
1.012956517989999972e+00 7.430067002310000168e-01 5.641356045450000238e+03
5.826699053780000082e-01 6.106976962420000016e-02 3.904705787509999936e+03
3.943938303000000256e-01 2.198336868959999829e-02 3.655380798879999929e+03
7.088303419899999458e-01 1.348395855669999865e-01 4.305935492280000290e+03
5.402455407130000165e-01 4.747533686609999720e-02 3.819129865739999786e+03
7.767392892459999976e-01 2.054702806089999945e-01 4.602041097299999819e+03
1.765449044599999961e+00 9.428710543519999376e+00 8.158864220340000429e+03
2.817696040189999973e+00 6.325109899849999806e+01 1.171512159620000057e+04
7.623277161229999876e-01 1.881645575910000090e-01 4.535923770460000014e+03
5.867367663289999591e-01 6.260137188900000149e-02 3.914170409199999995e+03
4.543694956339999758e-01 2.976546172149999864e-02 3.707312208889999965e+03
2.662315900639999899e+00 5.063823033490000114e+01 1.125966185360000054e+04
7.595676361830000500e-01 1.850020404809999963e-01 4.523425655469999583e+03
9.967436377880000142e-01 6.870247033390000091e-01 5.583704619209999692e+03
4.674556228439999961e-01 3.184916598209999727e-02 3.720318516859999818e+03
2.204626261219999883e-01 6.998764969140000222e-03 3.365342349540000214e+03
4.999091222770000176e-01 3.785620624379999744e-02 3.757991967330000080e+03
1.067453980160000038e+00 9.572096002100000112e-01 5.814699629400000049e+03
5.874238987900000097e-01 6.286451238260000463e-02 3.915792081909999979e+03
6.178009855239999792e-01 7.585273447819999848e-02 3.994096102659999815e+03
7.737935820610000182e-01 2.018228764289999866e-01 4.588417593809999744e+03
7.361169229039999928e-01 1.600024044699999981e-01 4.419771234599999843e+03
5.901078190920000521e-01 6.390460396029999657e-02 3.922188969910000196e+03
5.820952886300000406e-01 6.085688804560000081e-02 3.903386856080000143e+03
3.941796524050000250e-01 2.195955803069999865e-02 3.655198606330000075e+03
1.084366516660000057e+00 1.032373339130000067e+00 5.862556907700000011e+03
7.172473710410000036e-01 1.421766941800000073e-01 4.340184767830000055e+03
7.590366365009999505e-01 1.843990930540000128e-01 4.521027776580000136e+03
2.085588882340000172e+00 1.895711325959999982e+01 9.384444510499999524e+03
5.826427489380000546e-01 6.105968935640000012e-02 3.904643352659999891e+03
6.662875846529999757e-01 1.029970188649999979e-01 4.146176743830000305e+03
1.102297576560000048e+00 1.116839405319999923e+00 5.910639409940000405e+03
1.122908387939999919e+00 1.220178166880000026e+00 5.962925256640000043e+03
6.456214275689999837e-01 9.035805991640000201e-02 4.077300322569999935e+03
3.942672448569999877e-01 2.196929320450000112e-02 3.655273129289999815e+03
4.435555177500000168e-01 2.816583226539999887e-02 3.697265335770000092e+03
5.703478793649999767e-01 5.668939037649999707e-02 3.877408410810000078e+03
9.160977815070000529e-01 4.554851387389999839e-01 5.256496310649999941e+03
1.102789813990000090e+00 1.119227990409999984e+00 5.911922490500000094e+03
1.219675078020000081e+00 1.803412149579999957e+00 6.186536053249999895e+03
9.215928381260000135e-01 4.689662403079999931e-01 5.280728564709999773e+03
8.437162785280000188e-01 3.052412258089999830e-01 4.920147304449999865e+03
5.959444765829999824e-01 6.623521974309999616e-02 3.936446207800000138e+03
1.562456612399999889e+00 5.553104270550000443e+00 7.313250191449999875e+03
1.420928535939999904e+00 3.638328394889999817e+00 6.760119441449999613e+03
1.347094008660000064e+00 2.855837697940000197e+00 6.516766547709999941e+03
7.937763260810000165e-01 2.277192687759999890e-01 4.681750360709999768e+03
3.509546547640000069e-01 1.753938515049999897e-02 3.614661745060000158e+03
8.677810689889999818e-01 3.498387406849999826e-01 5.034618566899999678e+03
4.093091334599999742e-01 2.369955199300000093e-02 3.667907955839999886e+03
1.572560317460000023e+00 5.712717967729999735e+00 7.355175123529999837e+03
1.259685871290000092e+00 2.096432850219999811e+00 6.280439197259999673e+03
2.240913204049999941e+00 2.542917888450000063e+01 9.924403710500000670e+03
1.209047240949999935e+00 1.730930811389999935e+00 6.162367946409999604e+03
5.325756519840000314e-01 4.542806876649999742e-02 3.806092506540000159e+03
1.601013940859999929e+00 6.179830003330000210e+00 7.473943599289999838e+03
1.064605600779999994e+00 9.449704813160000327e-01 5.806381904709999617e+03
8.752277229079999943e-01 3.646766413820000108e-01 5.069654554769999777e+03
7.745533091039999984e-01 2.027580807530000029e-01 4.591926206580000326e+03
8.309941494850000554e-01 2.836424798300000161e-01 4.859212250780000431e+03
1.070169392399999975e+00 9.689889553399999578e-01 5.822558150329999989e+03
3.927957968510000231e-01 2.180624387479999926e-02 3.654019035069999973e+03
1.403109294290000086e+00 3.436833517210000188e+00 6.697770994389999942e+03
1.995450172269999989e+00 1.579027714719999942e+01 9.055798193119999269e+03
4.413221902860000045e-01 2.784808948550000079e-02 3.695255386089999774e+03
1.002543941869999955e+00 7.066620787109999524e-01 5.604653321869999672e+03
1.066891360350000095e+00 9.547826193859999533e-01 5.813062758439999925e+03
4.250115939090000072e-01 2.564579885709999951e-02 3.681077045680000083e+03
1.223308436089999951e+00 1.828696446049999924e+00 6.194849293809999836e+03
6.594934053690000297e-01 9.865366999560000461e-02 4.122878100160000031e+03
5.121083015030000185e-01 4.048203617400000093e-02 3.774620595920000142e+03
1.335552085250000021e+00 2.745619110209999825e+00 6.482437755879999713e+03
5.645727532280000460e-01 5.476473135130000003e-02 3.865317457940000168e+03
6.680126162599999695e-01 1.041302384730000002e-01 4.152193023509999875e+03
4.274692273390000019e-01 2.596506605269999907e-02 3.683168027289999827e+03
3.363062469259999965e+00 1.250882123260000043e+02 1.319648212120000062e+04
6.333833379879999503e-01 8.364278928099999622e-02 4.039342680069999915e+03
1.521519870739999947e+00 4.938932768049999922e+00 7.145522838779999802e+03
4.880549820310000064e-01 3.550857552379999699e-02 3.743207430339999974e+03
8.769387942059999608e-01 3.681576530969999927e-01 5.077670790969999871e+03
1.187808926720000047e+00 1.592551369750000001e+00 6.114407306539999809e+03
4.118462164949999726e-01 2.400366975810000122e-02 3.670024442779999845e+03
2.891532838040000164e-01 1.213553740469999927e-02 3.528919964549999804e+03
5.759815219760000549e-01 5.864467208170000279e-02 3.889633268560000033e+03
3.662772162929999742e-01 1.902798402059999866e-02 3.630155997710000065e+03
3.652544061690000121e-01 1.892624207409999981e-02 3.629169554739999967e+03
1.947176718919999994e+00 1.425949144410000002e+01 8.874808978950000892e+03
4.454605792620000004e-01 2.844018109479999959e-02 3.698996087999999872e+03
3.592220771040000038e-01 1.833332269669999889e-02 3.623220256319999862e+03
2.158901270099999881e-01 6.691137714219999762e-03 3.351173207050000201e+03
1.294084991899999926e+00 2.375012444449999816e+00 6.367287812560000020e+03
5.484716341549999985e-01 4.979960108570000155e-02 3.833909038929999952e+03
7.568375110460000554e-01 1.819206776869999875e-01 4.511120138070000394e+03
2.198264448000000204e+00 2.351723890879999956e+01 9.779198861689999831e+03
2.721509600770000148e+00 5.521116958380000028e+01 1.143518835670000044e+04
7.494344487170000457e-01 1.737957524659999864e-01 4.478052699500000017e+03
5.284861719869999863e-01 4.438148205899999921e-02 3.799425820580000163e+03
9.037336996010000290e-01 4.262832292779999976e-01 5.201122885009999663e+03
2.123252297890000140e+00 2.040450344539999961e+01 9.518283844539999336e+03
3.663278557569999982e-01 1.903303064859999949e-02 3.630204677239999910e+03
8.696686394079999882e-01 3.535522306609999998e-01 5.043521180079999795e+03
9.011753904979999952e-01 4.204328827430000026e-01 5.189527662000000419e+03
2.739801217320000148e+00 5.668115942090000203e+01 1.148891662600000018e+04
4.274547839339999933e-01 2.596317735290000137e-02 3.683155701650000083e+03
1.278860468990000054e+00 2.248581271059999942e+00 6.327986996089999593e+03
3.255526222189999985e-01 1.521665186809999931e-02 3.584705070250000063e+03
1.266201724619999913e+00 2.147262195600000201e+00 6.296372266010000203e+03
1.287560981529999982e+00 2.320215534249999934e+00 6.350266442539999844e+03
2.813134792379999860e-01 1.150462145520000055e-02 3.514458028479999939e+03
3.100960196129999846e-01 1.387639629570000012e-02 3.563127915340000072e+03
5.110337691699999851e-01 4.024163740120000055e-02 3.773094917549999991e+03
2.946961526369999973e+00 7.531019613719999484e+01 1.208172061270000086e+04
1.095747367580000020e+00 1.085406490910000077e+00 5.893375662970000121e+03
1.382932011829999919e+00 3.218549418369999859e+00 6.629867044200000237e+03
4.867123187080000246e-01 3.525444622670000083e-02 3.741612142320000203e+03
6.870054468249999768e-01 1.174596621799999935e-01 4.221073780499999884e+03
1.347325685439999976e+00 2.858082416289999816e+00 6.517466085899999598e+03
1.009315477639999958e+00 7.301378461099999884e-01 5.628656062799999745e+03
7.142235656790000276e-01 1.394985659450000137e-01 4.327787701770000240e+03
2.687158818600000054e-01 1.051397206500000008e-02 3.489144220849999783e+03
1.067664619819999938e+00 9.581194421600000011e-01 5.815311693890000242e+03
1.673320820220000060e+00 7.488849115119999844e+00 7.777265131340000153e+03
1.302689975470000094e+00 2.448724287990000192e+00 6.390172390069999892e+03
2.980816266640000101e-01 1.286765505980000043e-02 3.544258640279999781e+03
9.197995525469999656e-01 4.645322495559999765e-01 5.272847251440000036e+03
8.452288483950000098e-01 3.078980493890000059e-01 4.927381259269999646e+03
3.905931732690000047e-01 2.156409342009999938e-02 3.652132391470000130e+03
5.453766176340000271e+00 7.523255209970000124e+02 1.775481320680000135e+04
7.910669908309999609e-01 2.240468232439999929e-01 4.668982020000000375e+03
9.529564956310000445e-01 5.520976958509999921e-01 5.413995001410000441e+03
6.408335041599999560e-01 8.766566246460000267e-02 4.062197237079999923e+03
9.469974113610000188e-01 5.354706286329999898e-01 5.389377219179999884e+03
4.649669704509999946e-01 3.143951875699999704e-02 3.717763391460000094e+03
1.373191301739999926e+00 3.116843897289999887e+00 6.598159233600000334e+03
4.745968967959999785e-01 3.306187826910000210e-02 3.727887162989999979e+03
8.366327250449999697e-01 2.930518596669999809e-01 4.886233169009999983e+03
8.157625942020000354e-01 2.594870062260000165e-01 4.786270384610000292e+03
4.387426136400000010e-01 2.748617622529999846e-02 3.692957765600000130e+03
1.062968011239999955e+00 9.379879526429999448e-01 5.801564995370000361e+03
7.357344486939999539e-01 1.596214581379999942e-01 4.418121907869999632e+03
5.254929878530000265e-01 4.363456827509999691e-02 3.794668935419999798e+03
6.924740982589999705e-01 1.215996918690000067e-01 4.241781977849999748e+03
4.979920547789999929e-01 3.746346440889999907e-02 3.755512796450000224e+03
1.628775572619999945e+00 6.661278772020000183e+00 7.590388871240000299e+03
1.144522976259999991e+00 1.336066401150000083e+00 6.015060263139999734e+03
3.043800714459999890e-01 1.339303118249999917e-02 3.554394030550000025e+03
7.269885830550000261e-01 1.511351248109999990e-01 4.380805639189999965e+03
1.309122081760000000e+00 2.504901695230000058e+00 6.407612709590000122e+03
5.527292400100000114e-01 5.105742438500000119e-02 3.841890515470000082e+03
1.659520762519999915e+00 7.225061035350000438e+00 7.719440688570000020e+03
6.712991146860000091e-01 1.063240174820000022e-01 4.163767145669999991e+03
7.455662271830000298e-01 1.696819478820000004e-01 4.460958526430000347e+03
3.578301249149999919e-01 1.819818295380000103e-02 3.621813624209999944e+03
3.803647520010000171e+00 1.991911895599999980e+02 1.428541999609999948e+04
1.708798695440000071e+00 8.198415388020000805e+00 7.925302284340000369e+03
7.220250343240000035e-01 1.465066512250000064e-01 4.359979462379999859e+03
8.505253087020000491e-01 3.173532139149999876e-01 4.952681383850000202e+03
8.143363191569999993e-01 2.573171715440000229e-01 4.779453562480000073e+03
5.899929347569999871e-01 6.385968013930000409e-02 3.921913105149999865e+03
1.263370205660000023e+00 2.125064325169999879e+00 6.289421515600000021e+03
5.431266992690000350e-01 4.827387358609999679e-02 3.824211102679999840e+03
4.366381857669999755e-01 2.719487179679999991e-02 3.691101032919999852e+03
7.578968869800000174e-01 1.831108460770000113e-01 4.515888220720000390e+03
1.644927243920000004e+00 6.953382636499999769e+00 7.658205340950000391e+03
7.666314982869999461e-01 1.931920291869999862e-01 4.555522710549999829e+03
1.287728391059999922e+00 2.321610000759999792e+00 6.350699775039999622e+03
5.117903184809999839e-01 4.041070637299999657e-02 3.774167845389999911e+03
3.708464676209999866e-01 1.948698615639999840e-02 3.634490415020000000e+03
1.111776963959999920e+00 1.163516315689999914e+00 5.935041891629999554e+03
5.993966866519999659e-01 6.765914055110000547e-02 3.945103280570000152e+03
2.110941644960000030e+00 1.992310893060000154e+01 9.474753251899999668e+03
4.173319363610000221e-01 2.467446780580000165e-02 3.674608379539999987e+03
7.203865133669999921e-01 1.450079660670000048e-01 4.353162572479999653e+03
8.735825307119999827e-01 3.613550287169999820e-01 5.061934391939999841e+03
4.485675782849999904e-01 2.889432396950000065e-02 3.701853037459999996e+03
1.114452105880000099e+00 1.176949617670000059e+00 5.941815734410000005e+03
6.138772771279999985e-01 7.401778020509999778e-02 3.983248011390000102e+03
7.279299002919999984e-01 1.520280705010000066e-01 4.384784549420000076e+03
5.823733864750000322e-01 6.095980865500000290e-02 3.904024614800000109e+03
1.028462379870000110e+00 7.997749903730000387e-01 5.693834407219999775e+03
6.758838256320000015e-01 1.094617862580000017e-01 4.180156778290000148e+03
5.597781681250000307e-01 5.322600596419999747e-02 3.855614018360000046e+03
1.001832051769999898e+00 7.042283474199999560e-01 5.602100920930000029e+03
1.559915155870000014e-01 3.174763601559999881e-03 3.120634809140000016e+03
7.511414618480000138e-01 1.756396529990000011e-01 4.485637230450000061e+03
5.361056297980000274e-01 4.635636774420000272e-02 3.812005307880000146e+03
1.142265980909999978e+00 1.323596363530000097e+00 6.009722780670000247e+03
4.919061173540000276e-01 3.625047306540000319e-02 3.747870440149999922e+03
2.729031669449999975e-01 1.084008022769999968e-02 3.497851624469999933e+03
1.521117246690000036e+00 4.933146117899999794e+00 7.143894750059999751e+03
7.099023291420000215e-01 1.357537460359999892e-01 4.310252151349999622e+03
1.083229551739999907e+00 1.027184861210000077e+00 5.859418917019999753e+03
4.504365241289999822e-01 2.917160140530000029e-02 3.703593230920000224e+03
5.547443542900000191e-01 5.166624691059999719e-02 3.845748469019999902e+03
2.805527944630000214e-01 1.144399327479999999e-02 3.513003377710000223e+03
1.447538286319999923e+00 3.954898759979999845e+00 6.857035369260000152e+03
5.484363970819999823e-01 4.978935015449999918e-02 3.833843936759999906e+03
3.994669188980000119e-01 2.255398538630000102e-02 3.659671355580000181e+03
1.268241156270000003e+00 2.163355237949999843e+00 6.301405041369999708e+03
5.255221563469999468e-01 4.364177040109999683e-02 3.794714796939999815e+03
1.025479893520000019e+00 7.886056713639999494e-01 5.683941330409999864e+03
4.647053799199999946e-01 3.139683660490000250e-02 3.717497169950000171e+03
8.004285862150000153e-01 2.369577563530000097e-01 4.713222298669999873e+03
7.895056606720000092e-01 2.219538879459999892e-01 4.661638269170000058e+03
7.236615752139999858e-01 1.480179375809999864e-01 4.366817098540000188e+03
1.290652717399999982e+00 2.346067494900000217e+00 6.358298328830000173e+03
9.183507994399999763e-01 4.609745906039999785e-01 5.266461069109999698e+03
1.882254845879999916e+00 1.237031748230000083e+01 8.625335747389999597e+03
1.560779349029999929e+00 5.526920001049999698e+00 7.306306739659999948e+03
1.652605698929999978e+00 7.095402099940000262e+00 7.690432825640000374e+03
1.041155909880000063e+00 8.486728744060000329e-01 5.734885513969999920e+03
5.397808732900000184e-01 4.734808540780000019e-02 3.818319868789999873e+03
8.058768431759999462e-01 2.447626906400000024e-01 4.739107653529999880e+03
1.862577555849999955e+00 1.183466181200000022e+01 8.548322968140000739e+03
1.356777909909999913e+00 2.950761528570000181e+00 6.546358935219999694e+03
5.381410015240000178e-01 4.690236445950000249e-02 3.815482219040000018e+03
3.834277053099999777e-01 2.079159501750000097e-02 3.645900893189999806e+03
6.071890465070000076e-01 7.100170575370000348e-02 3.965261026369999854e+03
1.220384890150000068e+00 1.808331333039999933e+00 6.188157778169999801e+03
1.348328588059999888e-01 2.200605512339999861e-03 3.016703680619999886e+03
7.551742555249999489e-01 1.800660641759999903e-01 4.503651937399999952e+03
1.745815828080000021e+00 8.988446837559999736e+00 8.078385480009999810e+03
7.810617673959999729e-01 2.109272386730000060e-01 4.622123470090000410e+03
1.319412357780000100e+00 2.596719975500000110e+00 6.436130491609999808e+03
3.580860445549999826e-01 1.822298346509999833e-02 3.622073240530000021e+03
6.570259182340000281e-01 9.712276879820000430e-02 4.114574416270000256e+03
1.271536358979999948e+00 2.189543730920000097e+00 6.309584803730000203e+03
6.260524388089999670e-01 7.987551520520000392e-02 4.017624851560000025e+03
1.459052156050000049e+00 4.097841418449999829e+00 6.900254687790000389e+03
1.630190974690000072e+00 6.686519778010000081e+00 7.596331750909999755e+03
4.625253302189999971e-01 3.104387820809999948e-02 3.715295510769999964e+03
6.552822968179999874e-01 9.605564401150000486e-02 4.108757749620000141e+03
3.534262569220000261e-01 1.777457833090000106e-02 3.617273127750000185e+03
5.687723081009999682e+00 8.763217979839999998e+02 1.818184551060000013e+04
1.243579733610000071e+00 1.974577025219999893e+00 6.241921896159999960e+03
6.818320965839999914e+00 1.688274221160000025e+03 2.007112728140000036e+04
9.784300845619999798e-01 6.277912826249999467e-01 5.515188542079999934e+03
4.561914340909999921e-01 3.004545118959999969e-02 3.709062658339999871e+03
5.167302694040000199e-01 4.153708241469999951e-02 3.781322625979999884e+03
2.361418888869999955e-01 8.089199246199999666e-03 3.410580875950000063e+03
7.068118798360000232e-01 1.331341310899999963e-01 4.297844175000000178e+03
1.813556606049999909e+00 1.057194460810000081e+01 8.353653922960000273e+03
6.458424228150000390e-01 9.048439947370000291e-02 4.078005254520000108e+03
1.208711109560000052e+00 1.728674033309999913e+00 6.161606465589999971e+03
7.325656479359999862e-01 1.564972138050000072e-01 4.404512504409999565e+03
6.031418800150000203e-01 6.924311243059999565e-02 3.954684600090000004e+03
5.330895000549999985e-01 4.556174694919999657e-02 3.806944033279999985e+03
2.314416731340000144e+00 2.897805288079999997e+01 1.016972582680000050e+04
3.211008057829999873e-01 1.482546090609999923e-02 3.578779875809999794e+03
3.252138878920000087e-01 1.518673342619999977e-02 3.584262041620000218e+03
5.807710951800000299e-01 6.036958544869999721e-02 3.900364640679999866e+03
2.690775868959999761e-01 1.054201663119999979e-02 3.489908186340000157e+03
7.879953963750000456e-01 2.199455843310000047e-01 4.654545182560000285e+03
8.276414088860000184e-01 2.781688233199999805e-01 4.843143638129999999e+03
1.547687791820000047e+00 5.325570711650000177e+00 7.252293999690000419e+03
1.545365925030000032e+00 5.290416744789999903e+00 7.242751500659999692e+03
6.484181379419999836e-01 9.197052585680000336e-02 4.086272062720000122e+03
4.055052047300000129e-01 2.325050860869999972e-02 3.664732662609999807e+03
8.874044516129999671e-01 3.900425781469999964e-01 5.126384774580000339e+03
4.900892622579999802e-01 3.589804415830000206e-02 3.745654261549999774e+03
7.859351949509999491e-01 2.172314903070000081e-01 4.644886555439999938e+03
2.277881711590000080e+00 2.717315683860000064e+01 1.004854317570000057e+04
2.387782421639999875e+00 3.285548663290000349e+01 1.040882105310000043e+04
