2.468495492609999786e+00 3.773443659539999828e+01 1.064911296650000077e+04
4.005926447359999809e-01 2.268265139509999945e-02 3.660616129800000181e+03
6.223225206360000206e-01 7.803426735150000015e-02 4.006893305279999822e+03
1.223252579650000005e+00 1.830304640040000042e+00 6.195160403529999712e+03
3.947588455059999890e-01 2.202425940269999924e-02 3.655689331420000144e+03
8.184792313880000503e-01 2.637183688670000081e-01 4.799394880769999872e+03
8.101098490379999850e-01 2.510287586359999934e-01 4.759404409380000288e+03
3.687923286429999781e+00 1.802241181260000076e+02 1.393575300120000065e+04
1.323177917510000023e+00 2.634500754749999896e+00 6.447081041239999649e+03
6.712709563369999577e-01 1.063155558890000046e-01 4.163716858320000028e+03
1.495428534560000022e+00 4.582171010229999730e+00 7.040930491479999546e+03
3.259932683669999887e-01 1.525572961580000039e-02 3.585278351800000110e+03
5.839323232119999485e-01 6.154339572249999807e-02 3.907631042250000064e+03
1.424514488500000065e+00 3.685850249500000064e+00 6.772989697359999809e+03
1.070829391450000001e+00 9.725095463280000185e-01 5.824803213529999994e+03
6.522586395199999609e-01 9.424154843069999787e-02 4.098809824889999618e+03
8.320926145450000533e-01 2.855188575059999789e-01 4.864613289850000001e+03
1.528081435700000101e+00 5.043482311340000024e+00 7.171754782320000231e+03
1.778040402570000067e+00 9.743988788470000273e+00 8.207705454760000066e+03
8.525980629749999595e-01 3.211958971050000167e-01 4.962710312969999904e+03
9.383857901530000545e-01 5.123112982980000396e-01 5.353359859789999973e+03
9.797621493899999479e-01 6.322000276379999839e-01 5.520447971560000042e+03
2.664159281290000014e-01 1.033625665760000076e-02 3.484232838060000176e+03
9.507503613350000160e-01 5.460835154550000015e-01 5.405079856590000418e+03
6.570384308879999580e-01 9.713903135870000094e-02 4.114657265300000290e+03
1.473332602029999938e+00 4.287745046050000397e+00 6.954712513409999701e+03
7.068716884360000119e-01 1.332015115219999934e-01 4.298156788559999768e+03
6.220836450300000209e-01 7.791758526910000371e-02 4.006211123990000033e+03
7.684244388800000047e-01 1.953546072729999972e-01 4.563830330900000263e+03
1.060588489399999945e+00 9.284843741760000491e-01 5.794831002869999793e+03
1.686913375300000073e+00 7.773373193770000356e+00 7.832596264609999707e+03
6.066400772379999529e-01 7.076432935649999700e-02 3.963831400089999988e+03
7.954180273459999784e-01 2.300137218980000120e-01 4.689623409150000043e+03
8.507992725130000267e-01 3.179249183539999968e-01 4.954131095300000197e+03
1.090631092039999972e+00 1.062110368349999945e+00 5.880069284490000427e+03
2.250979466870000056e+00 2.600675376359999902e+01 9.947371146569999837e+03
5.232426797239999594e-01 4.308455021939999741e-02 3.791159503840000070e+03
9.980330047209999833e-01 6.916290591349999461e-01 5.588540349130000322e+03
1.210249449980000058e+00 1.740863119929999980e+00 6.165539451190000364e+03
5.729275464619999481e-01 5.757745532840000124e-02 3.882962028599999940e+03
6.273726263350000165e-01 8.054581402719999950e-02 4.021505830200000219e+03
1.169917375570000084e+00 1.483897359980000052e+00 6.074320587510000223e+03
1.088111772079999984e+00 1.050376912940000018e+00 5.873224108700000215e+03
1.712095881950000120e-01 3.968540572830000016e-03 3.187608391109999957e+03
6.670339622559999793e-01 1.034957044559999956e-01 4.148821685060000164e+03
4.266739986209999724e-01 2.586166023859999899e-02 3.682487969119999889e+03
6.064754114329999890e-01 7.069207740060000356e-02 3.963397782099999858e+03
1.257568754300000036e+00 2.082570448689999854e+00 6.275719416400000227e+03
3.844378559679999974e+00 2.110783543860000009e+02 1.430076608110000052e+04
7.373671663130000331e-01 1.612773359399999884e-01 4.425260153420000279e+03
8.726128939639999915e-01 3.595026535920000099e-01 5.057527555239999856e+03
3.565410482490000144e-01 1.807374366229999932e-02 3.620497582089999923e+03
1.698266512730000066e+00 8.001824056060000245e+00 7.879852947829999721e+03
1.225704789239999926e+00 1.847544053140000031e+00 6.200787103560000105e+03
8.757384435930000155e-01 3.658093144760000137e-01 5.072198306199999934e+03
7.929150320760000037e-01 2.265889847929999923e-01 4.677807871650000379e+03
5.672849073500000339e-01 5.566098465919999683e-02 3.870948041569999987e+03
4.525486733579999754e-01 2.948923216899999866e-02 3.705578146070000003e+03
7.956251324390000157e-01 2.302990889319999901e-01 4.690602173299999777e+03
7.252736849980000455e-01 1.495417829269999888e-01 4.373662446440000167e+03
7.096427209519999835e-01 1.355494910879999904e-01 4.309280272730000434e+03
1.009895707979999946e+00 7.324945188920000128e-01 5.630860075370000231e+03
7.547949559080000537e-01 1.796742494119999978e-01 4.502048748960000012e+03
1.692016170919999896e+00 7.875469868109999716e+00 7.853850480529999913e+03
1.314120818419999948e+00 2.552610977900000133e+00 6.421706714670000110e+03
1.514096387920000009e+00 4.842012372410000154e+00 7.115288504070000272e+03
3.206303759990000168e-01 1.478448651189999928e-02 3.578139449169999807e+03
9.059676811179999678e-01 4.315725111609999831e-01 5.211366764569999759e+03
7.857175056590000040e-01 2.169861548049999977e-01 4.643982379289999699e+03
4.447106223630000188e-01 2.833225032390000037e-02 3.698310584190000100e+03
1.362072377650000110e+00 3.007997844520000186e+00 6.563083544920000350e+03
1.453808878100000035e+00 4.039143962129999821e+00 6.880447244300000420e+03
6.306322188190000011e-01 8.221299843849999567e-02 4.031130576959999871e+03
8.188400164260000169e-01 2.642774197100000166e-01 4.801121345769999607e+03
5.995565151630000145e-01 6.772955041919999364e-02 3.945524376599999869e+03
1.713794154179999918e+00 8.321965101440000012e+00 7.944283860599999571e+03
7.912614092719999492e-01 2.243507051180000100e-01 4.670016011570000046e+03
3.590828291419999818e+00 1.627879600550000134e+02 1.370391107770000053e+04
7.186539081489999869e-01 1.434583127060000129e-01 4.346064916219999759e+03
1.747224847960000105e+00 9.042009609970000028e+00 8.082054548670000258e+03
2.459031585870000036e+00 3.715839799989999648e+01 1.061957272879999982e+04
1.205721208199999950e+00 1.710486250620000037e+00 6.155288044380000429e+03
6.384640385109999761e-01 8.637101990060000456e-02 4.054874439629999870e+03
8.948129376440000504e-01 4.062781115979999802e-01 5.160655224299999645e+03
3.119498663859999743e-01 1.403464493819999923e-02 3.565868343000000095e+03
6.131320235570000277e-01 7.367927184290000431e-02 3.981233180189999985e+03
8.265857514290000374e-01 2.765239848080000007e-01 4.838219191520000095e+03
1.411641518839999998e+00 3.537886280669999994e+00 6.727463101809999898e+03
1.947442933250000063e+00 1.431037023140000031e+01 8.870765562340000542e+03
3.091879921239999995e-01 1.379928016559999956e-02 3.561768039460000182e+03
3.233892638799999997e+00 1.089320828719999952e+02 1.281327723639999931e+04
7.185338272700000362e-01 1.433501264760000116e-01 4.345568717479999577e+03
1.173779180689999979e+00 1.507200408669999936e+00 6.083110507479999796e+03
1.333370101389999896e+00 2.728912534860000072e+00 6.476364368339999601e+03
1.167336686450000105e+00 1.468474650060000108e+00 6.068429773660000137e+03
1.104005594270000001e+00 1.126044762140000044e+00 5.915539500500000031e+03
2.991463028399999891e-01 1.295602459209999925e-02 3.546009753960000126e+03
4.074192174840000069e-01 2.347572802930000119e-02 3.666329125329999897e+03
2.699472699469999792e+00 5.384729879049999823e+01 1.134601659370000016e+04
1.282101104000000102e+00 2.277912813009999926e+00 6.336614072450000094e+03
2.529963516820000091e+00 4.163106835560000007e+01 1.083898746410000058e+04
1.174057458929999909e+00 1.508890026290000019e+00 6.083742844729999888e+03
6.885556469219999975e-01 1.186325874609999997e-01 4.226966655070000343e+03
7.384224459960000431e-01 1.623405539420000043e-01 4.429831369749999794e+03
1.455273041509999921e+00 4.057418085570000166e+00 6.885947946340000271e+03
5.945547864689999518e-01 6.567502587689999505e-02 3.933023152730000220e+03
1.677974613129999959e+00 7.596805122690000189e+00 7.795313716089999616e+03
2.084459372310000003e+00 1.898075488299999947e+01 9.372857331200000772e+03
6.378442987589999502e-01 8.603400727889999600e-02 4.052963784370000212e+03
6.129408385579999674e-01 7.359155350920000560e-02 3.980712152600000081e+03
6.241777168759999883e-01 7.894693420590000177e-02 4.012219073530000060e+03
2.311180652369999866e-01 7.734032883420000407e-03 3.396638840789999904e+03
6.822676157079999859e-01 1.139968540369999950e-01 4.203501506290000179e+03
8.414472166719999535e-01 3.013609953679999842e-01 4.909428991230000065e+03
1.577810328430000020e+00 5.808726201199999828e+00 7.376362067410000236e+03
1.478967800509999986e+00 4.361500857270000253e+00 6.976496400689999973e+03
7.400943599949999507e-01 1.640381762729999915e-01 4.437095374260000426e+03
1.037746233040000021e+00 8.357615449969999499e-01 5.724266879030000382e+03
3.503423477770000183e-01 1.748155377650000009e-02 3.614006150220000109e+03
1.763149841569999987e+00 9.400122814539999538e+00 8.147161750690000190e+03
2.805396550779999942e-01 1.144301299610000003e-02 3.512977344909999829e+03
1.930525346979999890e+00 1.379740143010000075e+01 8.806749306570000044e+03
5.481704182240000334e-01 4.971372986010000328e-02 3.833356689350000124e+03
1.027203939300000091e+00 7.954381406139999777e-01 5.689885075739999593e+03
1.394391715930000109e+00 3.346405749190000112e+00 6.668229719130000376e+03
1.008852464280000083e+00 7.288272448029999850e-01 5.627198802189999697e+03
7.694725565479999529e-01 1.966093851950000138e-01 4.568636338809999870e+03
9.444812231029999783e-01 5.287477611949999989e-01 5.379038075469999967e+03
1.597633113389999915e+00 6.135730235189999604e+00 7.459001335119999567e+03
9.387274121690000195e-01 5.132216745250000045e-01 5.354808157409999694e+03
1.135334517060000020e-01 1.384685908990000106e-03 2.897042163820000042e+03
4.246888263129999785e-01 2.560453640569999856e-02 3.680801242370000182e+03
6.655302858610000483e-01 1.025131510010000024e-01 4.143594314140000279e+03
6.225121504909999492e-01 7.812702959039999340e-02 4.007435429770000155e+03
3.724807186669999992e-01 1.965319011279999944e-02 3.636012045999999827e+03
2.700415974999999857e+00 5.392162446470000248e+01 1.134877448069999991e+04
9.393661258990000373e-01 5.149271896939999760e-01 5.357513080509999781e+03
2.180746162290000123e-01 6.837522043850000411e-03 3.357998228500000096e+03
2.012405461749999791e+00 1.640666122609999888e+01 9.112257577070000480e+03
3.871693351089999791e-01 2.119236801720000146e-02 3.649172685059999822e+03
1.168403819069999905e+00 1.474837542249999967e+00 6.070867429269999775e+03
3.370343898109999792e+00 1.277151888939999935e+02 1.316122763080000004e+04
2.129530491650000190e+00 2.072933411429999850e+01 9.532002673169999980e+03
7.446409792270000105e-01 1.687369270459999904e-01 4.456980663760000425e+03
3.758291537280000205e-01 1.999644795930000107e-02 3.639091800430000148e+03
7.871978843279999749e-01 2.189318143079999890e-01 4.650920027670000309e+03
9.649193233289999894e-01 5.869105567129999645e-01 5.462506488439999885e+03
9.759354547749999886e-01 6.202718739629999867e-01 5.505731904000000213e+03
9.714326213789999942e-01 6.064614117459999898e-01 5.488217051280000305e+03
1.118690020669999896e+00 1.199468210989999895e+00 5.952910376449999603e+03
3.294626769040000180e+00 1.170298496310000047e+02 1.296934675349999998e+04
7.485997939140000002e-01 1.729274534140000097e-01 4.474446706460000314e+03
1.971733635209999891e+00 1.507028735799999986e+01 8.961838368790000459e+03
1.564304305440000098e+00 5.593198127099999972e+00 7.320331217519999882e+03
3.536191921649999848e-01 1.779317911219999854e-02 3.617473649640000076e+03
3.068975473700000234e-01 1.360523084300000081e-02 3.558292785980000190e+03
4.905595237929999963e-01 3.598955674349999662e-02 3.746222064560000035e+03
3.960919021240000060e+00 2.364012494650000065e+02 1.456613297570000032e+04
3.584290665459999858e-01 1.825643193300000022e-02 3.622419098349999786e+03
1.447407260140000096e+00 3.959941588970000037e+00 6.856535712099999728e+03
8.734697042950000379e-01 3.612225997849999870e-01 5.061553571659999761e+03
1.335977279699999964e-01 2.148651383979999826e-03 3.010211158069999783e+03
1.106438902719999895e+00 1.137971743720000095e+00 5.921835298070000135e+03
8.178815823139999885e-01 2.627944945210000105e-01 4.796535334999999577e+03
8.503567640439999575e-01 3.171244905719999840e-01 4.952019492989999890e+03
1.036347051219999926e+00 8.303215791479999774e-01 5.719771077080000396e+03
6.009586367679999874e-01 6.831846370359999365e-02 3.949091883460000190e+03
1.024301607850000018e+00 7.846036277590000552e-01 5.680212500159999763e+03
8.018887070919999971e-01 2.390750980459999953e-01 4.720275928889999705e+03
2.135388545260000104e+00 2.096469370330000004e+01 9.552479285670000536e+03
1.038241123509999975e+00 8.376921766189999730e-01 5.725852147010000408e+03
2.369652633650000118e-01 8.147952475780000439e-03 3.412816538470000069e+03
1.752411673439999928e+00 9.157563391880000125e+00 8.103299484479999592e+03
8.635956530639999906e-01 3.418046715920000089e-01 5.014976769320000130e+03
5.114326453059999666e-01 4.033160699419999912e-02 3.773657982560000164e+03
1.053612534360000019e+00 8.993750982499999491e-01 5.773836696049999773e+03
2.499730569830000138e-01 9.093849138850000277e-03 3.446372600069999862e+03
4.110243792239999805e-01 2.390505186219999897e-02 3.669336871450000217e+03
7.810243819709999924e-01 2.109173520690000025e-01 4.622061554410000099e+03
6.391392050199999897e-01 8.673975898789999806e-02 4.056962182140000095e+03
1.013901675640000111e+00 7.467089707690000022e-01 5.644809280929999659e+03
3.367685803109999876e-01 1.622236572950000108e-02 3.598687550269999974e+03
2.190790928399999782e+00 2.328529266359999994e+01 9.743869384249999712e+03
1.078072891699999980e+00 1.004593195250000015e+00 5.845417086090000339e+03
9.567512593089999573e-01 5.630932370910000095e-01 5.429647556820000318e+03
1.134409226300000073e+00 1.281979886200000029e+00 5.991423257770000419e+03
2.899241390569999854e+00 7.127922319610000557e+01 1.191582788400000027e+04
8.460688510739999835e-01 3.094545477519999865e-01 4.931538117899999634e+03
8.413249873620000097e-01 3.011493614349999848e-01 4.908843883849999656e+03
4.531513601859999962e-01 2.958048298640000157e-02 3.706149380270000165e+03
5.819533192039999525e-01 6.080722597089999876e-02 3.903072829230000025e+03
3.688280511659999816e-01 1.928350658330000092e-02 3.632588406140000188e+03
3.035854429620000183e-01 1.332642446519999996e-02 3.553144434790000105e+03
5.913733264079999996e-01 6.440509627780000024e-02 3.925253654820000065e+03
5.324269910459999977e-01 4.539079725660000175e-02 3.805847739589999946e+03
2.013652157350000138e+00 1.644895776579999946e+01 9.116834026050000830e+03
6.430449169099999862e-01 8.890559324100000271e-02 4.069166248619999806e+03
7.884568096899999823e-01 2.205983501090000021e-01 4.656828093899999658e+03
5.769185797360000256e-01 5.898014875060000189e-02 3.891718097089999901e+03
6.498025057880000288e-01 9.278742203600000293e-02 4.090790843549999863e+03
1.157500768869999946e-01 1.461502357819999915e-03 2.910328644789999998e+03
3.456196410369999916e-01 1.703782856769999951e-02 3.608858063369999854e+03
2.571779511539999952e+00 4.443962032430000164e+01 1.096625675199999932e+04
8.408697391160000478e-01 3.003622121889999996e-01 4.906664477219999753e+03
1.597352267280000016e+00 6.131007498229999797e+00 7.457827959240000382e+03
1.789547469660000001e-01 4.400396626579999686e-03 3.219389966000000186e+03
1.377301050960000106e+00 3.164199748600000195e+00 6.611653884739999739e+03
1.188125099230000092e+00 1.596149523100000023e+00 6.115577124460000050e+03
1.239340362100000092e+00 1.945592474829999974e+00 6.232391478249999636e+03
7.283114681029999593e-01 1.524130613180000038e-01 4.386483262910000121e+03
1.122480295419999941e+00 1.218989040689999914e+00 5.962327429040000425e+03
5.654774236509999552e-01 5.506320037620000135e-02 3.867189413510000122e+03
2.900938135619999803e-01 1.221204885089999942e-02 3.530590493249999781e+03
7.845955586749999711e-01 2.155216372690000048e-01 4.638731660350000311e+03
6.826086438749999763e-01 1.142436467210000001e-01 4.204760926279999694e+03
8.564058218669999833e-01 3.282119681119999854e-01 4.980845585969999775e+03
7.298243483480000293e-01 1.538619901609999951e-01 4.392904045999999653e+03
9.033463723729999728e-01 4.255176192289999992e-01 5.199525748099999873e+03
8.783127665169999654e-01 3.710712660500000148e-01 5.084248084019999624e+03
3.979085591950000111e-01 2.237759732119999970e-02 3.658356226580000111e+03
1.294174904259999925e+00 2.378819694730000212e+00 6.367891643400000248e+03
3.648840395980000206e+00 1.730527517230000001e+02 1.384293500590000076e+04
9.357766590330000023e-01 5.054003609860000523e-01 5.342263257470000099e+03
1.184260290129999893e+00 1.571813912489999909e+00 6.106851075059999857e+03
7.871637744530000091e-01 2.188868133240000069e-01 4.650760056150000310e+03
1.204155714289999901e+00 1.700076012830000094e+00 6.151749142929999834e+03
1.040320826829999934e+00 8.458426989909999527e-01 5.732486119539999891e+03
1.929202238600000063e+00 1.375783952739999982e+01 8.801722152270000151e+03
1.286308512710000018e+00 2.312713893519999786e+00 6.347408123530000012e+03
2.991653624089999908e-01 1.295760698590000051e-02 3.546040973029999805e+03
6.045860057070000515e-01 6.986891050440000028e-02 3.958449829640000189e+03
4.393025467830000141e-01 2.756469238199999935e-02 3.693452152270000170e+03
9.185922650660000022e-01 4.617084600599999922e-01 5.267684144900000319e+03
4.783092499800000175e-01 3.371566133880000288e-02 3.731966315839999879e+03
4.914175900280000064e-01 3.615599733710000291e-02 3.747268631840000126e+03
1.258607601380000052e+00 2.090584030010000038e+00 6.278233288069999617e+03
1.010498937179999945e+00 7.346215127320000482e-01 5.632971720630000164e+03
1.592275890720000087e+00 6.046090030440000263e+00 7.436629860979999648e+03
1.253843613789999978e+00 2.054020096079999913e+00 6.266747346680000192e+03
4.266889072500000268e-01 2.586360162670000087e-02 3.682500666550000005e+03
7.844863991870000275e-01 2.153796088359999916e-01 4.638221129990000009e+03
2.338333943989999941e+00 3.034746076609999932e+01 1.023517539070000021e+04
9.984652492209999952e-01 6.930854951520000196e-01 5.590107393260000208e+03
1.596435365989999910e+00 6.115606887890000287e+00 7.453997569289999774e+03
3.972713975109999907e-01 2.230572125770000080e-02 3.657818155089999891e+03
1.375619851359999979e+00 3.146673282540000116e+00 6.606205668550000155e+03
1.602509358320000077e+00 6.218144983750000243e+00 7.479383455359999971e+03
4.413447363910000254e-01 2.785170023660000008e-02 3.695273295760000110e+03
8.250939382070000550e-01 2.741287671029999928e-01 4.831070570060000136e+03
3.973238180509999773e-01 2.231162693189999921e-02 3.657862448740000218e+03
1.070874910699999960e+00 9.727087045429999579e-01 5.824934242700000141e+03
1.121330418299999909e+00 1.213041943979999981e+00 5.959479806639999879e+03
1.305163861390000068e+00 2.473461831279999856e+00 6.397196907610000380e+03
1.567898553320000055e+00 5.649985882520000224e+00 7.335215719640000316e+03
2.481769163090000063e+00 3.855299493729999938e+01 1.069040494869999930e+04
4.192044731980000272e-01 2.490807928290000167e-02 3.676176392180000221e+03
9.157644970189999789e-01 4.548164495670000140e-01 5.255176041929999883e+03
1.929415126249999890e+00 1.376419959769999934e+01 8.802531220950000716e+03
1.371950321039999920e+00 3.108662963430000037e+00 6.594387878929999715e+03
1.441888252750000099e+00 3.892562905890000202e+00 6.836107181499999569e+03
1.649802179769999988e+00 7.059011806810000067e+00 7.677484613610000451e+03
1.190869147089999913e+00 1.613596508249999895e+00 6.121767986810000366e+03
3.633505803459999850e-01 1.873799684339999896e-02 3.627315264119999938e+03
4.982925893710000165e-01 3.752546208980000325e-02 3.755896002089999911e+03
5.431968131729999483e-01 4.829506183630000171e-02 3.824338795820000087e+03
1.426469030850000097e+00 3.708700340390000072e+00 6.779996707960000094e+03
6.692287948189999947e-01 1.049469318999999984e-01 4.156507176740000432e+03
2.031949884009999874e+00 1.707868775280000051e+01 9.183723963770000410e+03
2.040125344170000132e-01 5.915490752700000229e-03 3.312223550759999853e+03
7.522575041650000349e-01 1.768826892569999865e-01 4.490704673539999931e+03
5.942645317029999763e-01 6.555798961929999724e-02 3.932308457269999963e+03
6.513416452210000207e-01 9.369591784620000252e-02 4.095806048699999792e+03
1.505683014159999944e+00 4.723630313900000210e+00 7.081621134699999857e+03
1.091377092769999946e+00 1.065603723259999969e+00 5.882086286069999915e+03
7.624101564280000298e-01 1.882909062139999923e-01 4.536399028969999563e+03
5.319168605309999576e-01 4.525870037199999918e-02 3.805006262419999985e+03
8.423651378130000422e-01 3.029542958270000086e-01 4.913822479440000279e+03
2.440946648899999794e+00 3.607501184299999863e+01 1.056288903650000066e+04
5.297990092350000069e-01 4.471540296669999914e-02 3.801545389030000024e+03
6.275632142229999877e-01 8.064228882519999808e-02 4.022064418790000218e+03
7.709014504479999585e-01 1.983315074870000139e-01 4.575200043050000204e+03
4.754200186359999747e-01 3.320592998509999672e-02 3.728780470419999801e+03
6.512545776339999648e-01 9.364428061979999940e-02 4.095521456370000124e+03
6.480797253860000051e-01 9.178133968420000566e-02 4.085216729000000214e+03
1.075816586359999993e+00 9.945145503390000474e-01 5.839046644480000396e+03
9.977049640199999736e-01 6.905253144209999583e-01 5.587349722310000288e+03
2.643190491229999939e+00 4.954266334910000324e+01 1.118022873400000026e+04
1.082783311170000040e+00 1.025883398339999975e+00 5.858572163509999882e+03
6.880884155959999804e-01 1.182818764130000033e-01 4.225205488100000366e+03
1.600905148280000079e+00 6.190944985519999832e+00 7.472676212370000030e+03
7.321562265209999865e-01 1.561202371569999914e-01 4.402846469019999859e+03
4.323731490619999729e-01 2.661540819979999958e-02 3.687379708580000170e+03
8.172508547119999855e-01 2.618224654519999972e-01 4.793518063110000185e+03
6.032006114029999644e-01 6.927213923130000339e-02 3.954853846540000177e+03
8.839883465440000476e-01 3.828901588920000099e-01 5.110698675829999956e+03
5.920301557029999939e-01 6.466496573860000541e-02 3.926846142169999894e+03
4.173782563160000070e-01 2.468054113119999907e-02 3.674645178530000067e+03
8.263068829009999616e-01 2.760749044499999916e-01 4.836882794959999956e+03
3.653326648479999772e-01 1.893420282070000168e-02 3.629243777650000084e+03
7.667016495570000423e-01 1.933075464260000098e-01 4.555946816290000243e+03
1.101128769890000081e+00 1.112065336459999942e+00 5.908040195110000241e+03
1.190540819780000037e+00 1.611501567759999975e+00 6.121027380020000237e+03
2.310889745970000075e-01 7.731991693369999995e-03 3.396556613589999870e+03
4.742383077210000075e-01 3.300022637540000331e-02 3.727495633290000114e+03
8.663096493209999638e-01 3.470544883719999807e-01 5.027816304840000157e+03
5.979568328230000507e-01 6.706464426069999596e-02 3.941487976620000154e+03
1.058050299150000040e+00 9.178112254710000251e-01 5.787247438289999991e+03
4.795531069669999868e-01 3.393812719000000033e-02 3.733357738239999890e+03
7.383014132870000523e-01 1.622182859040000036e-01 4.429306544899999608e+03
5.756615611630000462e-01 5.853406113950000017e-02 3.888937022890000208e+03
8.406008869479999479e-01 2.998981586680000144e-01 4.905377295489999597e+03
1.565343328870000050e+00 5.609572106659999946e+00 7.324631888040000376e+03
9.373359380619999959e-01 5.095215733569999905e-01 5.348902329120000104e+03
1.713220149360000111e+00 8.309970979399999180e+00 7.941906605490000402e+03
9.030930156109999718e-01 4.249360335369999908e-01 5.198378730550000000e+03
9.389477954910000479e-01 5.138096443270000480e-01 5.355741896110000198e+03
4.666727552620000274e-01 3.172014873609999702e-02 3.719507692690000113e+03
1.491491562880000066e+00 4.528678801499999906e+00 7.025416270660000009e+03
6.064620124549999769e-01 7.068620182479999625e-02 3.963362515180000173e+03
5.180805721129999597e-01 4.185291568909999677e-02 3.783322950339999807e+03
3.770641082480000073e+00 1.961008582970000020e+02 1.413001919009999983e+04
5.687622267640000118e-01 5.615532682749999754e-02 3.874052337959999932e+03
7.396419538239999980e-01 1.635772199049999875e-01 4.435127189179999732e+03
4.736002978210000158e+00 4.642052159589999860e+02 1.620740102950000073e+04
1.316720539729999917e+00 2.575925169880000087e+00 6.428928643919999558e+03
1.290151937899999934e+00 2.344842408109999887e+00 6.357366035160000138e+03
3.673811829260000272e-01 1.913839844509999943e-02 3.631212391730000036e+03
6.105983871200000301e-01 7.252611039509999913e-02 3.974370549629999914e+03
4.109699115479999998e-01 2.389850937719999874e-02 3.669291433989999859e+03
7.676851813249999656e-01 1.944738604369999901e-01 4.560444999190000090e+03
8.074336087629999659e-01 2.470825401339999949e-01 4.746647125139999844e+03
8.679796073800000178e-01 3.503175274950000029e-01 5.035703211379999630e+03
1.849288913549999913e+00 1.151398102659999978e+01 8.492511839060000057e+03
1.616632405030000053e+00 6.461306323119999639e+00 7.538493708209999568e+03
1.345184588059999964e+00 2.841403641159999882e+00 6.511294849959999738e+03
8.367804622119999758e-01 2.933683227810000016e-01 4.887078894880000007e+03
1.602699711070000088e+00 6.221378147860000318e+00 7.480179437730000245e+03
2.137836158469999859e+00 2.106359093389999870e+01 9.561020954530000381e+03
2.958558965429999854e-01 1.268385704239999995e-02 3.540542851730000166e+03
7.405011893370000431e-01 1.644537070269999901e-01 4.438866918489999989e+03
1.894322119359999945e+00 1.274359849360000041e+01 8.668112823749999734e+03
1.867288824859999918e+00 1.199487269149999946e+01 8.563118318279999585e+03
6.357217052910000277e-01 8.489023994890000646e-02 4.046461189090000062e+03
1.405556090849999995e+00 3.469454863020000168e+00 6.706329248269999880e+03
1.095096779039999912e+00 1.083151945480000045e+00 5.892076818499999717e+03
6.106366452150000512e-01 7.254337418209999555e-02 3.974473497779999889e+03
7.166993709260000012e-01 1.417068642659999878e-01 4.338008282980000331e+03
4.333604947740000157e-01 2.674841464529999907e-02 3.688235793100000137e+03
9.668852307690000147e-01 5.927589221969999933e-01 5.470313121119999778e+03
8.174212577770000321e-01 2.620847762869999986e-01 4.794333179999999629e+03
5.234005115980000511e-01 4.312292300029999664e-02 3.791403782580000097e+03
6.427475388419999769e-01 8.873870930650000488e-02 4.068229439180000099e+03
7.940067469820000223e-01 2.280772655490000134e-01 4.682958278109999810e+03
6.994405135079999614e-01 1.270946362700000054e-01 4.268778245909999896e+03
2.073280038250000068e+00 1.856380922909999853e+01 9.332933697160000520e+03
5.352380456399999931e-01 4.612740915199999708e-02 3.810539801439999792e+03
1.476710121320000013e+00 4.331842730400000008e+00 6.967751245159999598e+03
7.333936791409999545e-01 1.573309886160000060e-01 4.408144833659999676e+03
5.156907261309999768e-01 4.129778946599999695e-02 3.779793980160000046e+03
1.310895208840000103e+00 2.523898019939999848e+00 6.412814129569999750e+03
1.863577592820000017e+00 1.189457887890000087e+01 8.548606095490000371e+03
1.125467795160000062e+00 1.234542236530000059e+00 5.969689115619999939e+03
7.762544454919999559e-01 2.049020025739999862e-01 4.599904458410000188e+03
8.877422861720000169e-01 3.908740769299999807e-01 5.128100011849999646e+03
1.524232437680000052e+00 4.987444666110000036e+00 7.156155536059999577e+03
1.429431612319999934e+00 3.743529866769999881e+00 6.790663767320000261e+03
5.362790566259999503e-01 4.640397340920000141e-02 3.812301238970000213e+03
6.359794713130000332e-01 8.502827546270000370e-02 4.047247442500000034e+03
4.719180777390000192e-01 3.260093984819999874e-02 3.725002816679999796e+03
6.574657677570000525e-01 9.740249053159999448e-02 4.116089617399999952e+03
1.870523936419999922e-01 4.870918031060000181e-03 3.251026524509999945e+03
4.639602168790000203e-01 3.127617842640000034e-02 3.716738639000000148e+03
8.414443715680000047e-01 3.013560678030000051e-01 4.909415372020000177e+03
1.189153468490000032e+00 1.602671578790000106e+00 6.117897568319999664e+03
5.905261392180000124e-01 6.407167676960000280e-02 3.923208514689999902e+03
2.619603976520000210e-01 9.994624601180000442e-03 3.474456537649999973e+03
1.572702381370000069e+00 5.726527588839999794e+00 7.355140348500000073e+03
1.133125430210000006e+00 1.275086491299999958e+00 5.988328897620000134e+03
1.416595636630000099e+00 3.594311817809999976e+00 6.744853956089999883e+03
1.133744782910000026e+00 1.278408664349999890e+00 5.989822787600000083e+03
9.578269291750000081e-01 5.661857160969999692e-01 5.434013462099999742e+03
6.876738737559999759e-01 1.179715624160000004e-01 4.223645276829999602e+03
4.553761409489999745e-01 2.992026141950000079e-02 3.708274649789999785e+03
5.015887421829999804e-01 3.820542653330000205e-02 3.760190325160000157e+03
4.066361707710000051e-01 2.338345948619999920e-02 3.665675438660000054e+03
7.241519378909999638e-01 1.484942774740000138e-01 4.368952730330000122e+03
3.100585751650000166e-01 1.387330722420000023e-02 3.563071063939999931e+03
6.186871291019999664e-01 7.627886689969999578e-02 3.996599356799999896e+03
1.263468028839999924e-01 1.854981371519999998e-03 2.971053734760000225e+03
7.136695728949999928e-01 1.390315414820000040e-01 4.325604128250000031e+03
1.948859987320000098e+00 1.435394056310000011e+01 8.876105710199999521e+03
1.776351678800000000e+00 9.704549083939999932e+00 8.200856041139999434e+03
1.405508663330000019e+00 3.468925322580000081e+00 6.706165541790000134e+03
1.274279977640000006e+00 2.214240755920000137e+00 6.316834805149999738e+03
6.954867755000000429e-01 1.239555246170000041e-01 4.253419063119999919e+03
4.843392973130000279e+00 5.051333023349999962e+02 1.641987584209999841e+04
1.028538014170000015e+00 8.004566512220000485e-01 5.694300967430000128e+03
6.531453126170000401e-01 9.477225338559999712e-02 4.101725481159999617e+03
1.150300750119999993e+00 1.369633006379999962e+00 6.029090743839999959e+03
6.424242613999999740e-01 8.855766320850000373e-02 4.067212460730000203e+03
9.314030908449999480e-01 4.939815869049999919e-01 5.323524654359999658e+03
4.520355112359999983e-01 2.941179989180000079e-02 3.705093239939999876e+03
1.678982964450000059e+00 7.616578660170000070e+00 7.799522450180000305e+03
1.567840733529999975e+00 5.649069098670000066e+00 7.334976114369999777e+03
7.422056502589999827e-01 1.662050834849999881e-01 4.446305772720000277e+03
8.970667691350000528e-01 4.112900569060000122e-01 5.170968021749999934e+03
3.157292217609999896e-01 1.435920216450000016e-02 3.571323519590000160e+03
5.659519138509999658e-01 5.521938221319999673e-02 3.868171914840000227e+03
1.987225294669999975e+00 1.556956493310000056e+01 9.019408435620000091e+03
4.543732402019999839e-01 2.976651934300000163e-02 3.707313333799999782e+03
1.211357907420000046e+00 1.748359232379999906e+00 6.168052888860000166e+03
7.420060385490000465e-01 1.659991020940000117e-01 4.445433208200000081e+03
7.277875811430000175e-01 1.519142702809999912e-01 4.384265350949999629e+03
8.553515584659999726e-01 3.262568543880000060e-01 4.975828134880000107e+03
7.204620794199999567e-01 1.450966440479999897e-01 4.353555860639999992e+03
2.877984195419999724e-01 1.202578380609999921e-02 3.526487775969999802e+03
2.744912876289999915e-01 1.096465231919999984e-02 3.501075869509999848e+03
3.958273255190000173e-01 2.214357191390000160e-02 3.656596067829999811e+03
1.232571507609999895e+00 1.896454075709999909e+00 6.216630141050000020e+03
8.673866402000000031e-01 3.491560223390000051e-01 5.032903946659999747e+03
9.447909736320000418e-01 5.295939827009999989e-01 5.380333629140000085e+03
3.768483317269999966e-01 2.010178279630000023e-02 3.640018840470000214e+03
1.048852667090000024e+00 8.799160457210000175e-01 5.759234838919999675e+03
6.160098493040000456e-01 7.501365174530000290e-02 3.989138798139999835e+03
4.160056906660000164e-01 2.451091780270000034e-02 3.673496421410000039e+03
5.307135904659999737e-01 4.494901577870000220e-02 3.803033519189999879e+03
6.130504410649999514e-01 7.364182657510000285e-02 3.981010783650000121e+03
1.665854925259999897e+00 7.361994675970000124e+00 7.744674947950000387e+03
1.201900161760000030e+00 1.685159366689999993e+00 6.146654012330000114e+03
7.007607448299999486e-01 1.281596978610000104e-01 4.273949242059999960e+03
1.098566976419999897e+00 1.099719124599999986e+00 5.901299316749999889e+03
1.470569483400000044e+00 4.251910103170000177e+00 6.944085859120000350e+03
5.843330290639999758e-01 6.169371051400000111e-02 3.908560539210000115e+03
9.198495251410000462e-01 4.647993675070000164e-01 5.273224864239999988e+03
1.012956517989999972e+00 7.433362494259999620e-01 5.641533830839999609e+03
5.826699053780000082e-01 6.107260131250000224e-02 3.904717118309999933e+03
3.943938303000000256e-01 2.198362751249999941e-02 3.655379049740000028e+03
7.088303419899999458e-01 1.348570987169999957e-01 4.306009880730000077e+03
5.402455407130000165e-01 4.747681738179999889e-02 3.819132131620000109e+03
7.767392892459999976e-01 2.055064811010000048e-01 4.602150667220000287e+03
1.765449044599999961e+00 9.452645871030000535e+00 8.156531658869999774e+03
2.817696040189999973e+00 6.374339271329999690e+01 1.168659427900000082e+04
7.623277161229999876e-01 1.881956811540000107e-01 4.536024808729999677e+03
5.867367663289999591e-01 6.260438307940000002e-02 3.914182844609999847e+03
4.543694956339999758e-01 2.976594708510000090e-02 3.707309754660000181e+03
2.662315900639999899e+00 5.097694573239999727e+01 1.123684056339999916e+04
7.595676361830000500e-01 1.850322699649999958e-01 4.523525128330000371e+03
9.967436377880000142e-01 6.872986197689999743e-01 5.583853825060000418e+03
4.674556228439999961e-01 3.184972265009999859e-02 3.720315877760000149e+03
2.204626261219999883e-01 6.998789828679999672e-03 3.365341863029999786e+03
4.999091222770000176e-01 3.785699151809999996e-02 3.757988805940000020e+03
1.067453980160000038e+00 9.578273325870000354e-01 5.815033480260000033e+03
5.874238987900000097e-01 6.286755497300000606e-02 3.915804708669999854e+03
6.178009855239999792e-01 7.585753265540000345e-02 3.994118708940000033e+03
7.737935820610000182e-01 2.018579812530000017e-01 4.588525370459999976e+03
7.361169229039999928e-01 1.600259446900000049e-01 4.419858266059999551e+03
5.901078190920000521e-01 6.390777227289999585e-02 3.922202357380000194e+03
5.820952886300000406e-01 6.085969522450000030e-02 3.903398034580000058e+03
3.941796524050000250e-01 2.195981626379999926e-02 3.655196859369999856e+03
1.084366516660000057e+00 1.033115338850000064e+00 5.862950637410000127e+03
7.172473710410000036e-01 1.421958891619999887e-01 4.340262855590000072e+03
7.590366365009999505e-01 1.844291532769999908e-01 4.521126950779999788e+03
2.085588882340000172e+00 1.902324748230000040e+01 9.376880923840000833e+03
5.826427489380000546e-01 6.106251988179999673e-02 3.904654676239999844e+03
6.662875846529999757e-01 1.030068144290000043e-01 4.146223117759999695e+03
1.102297576560000048e+00 1.117729117359999913e+00 5.911094448720000400e+03
1.122908387939999919e+00 1.221208676620000100e+00 5.963385552830000051e+03
6.456214275689999837e-01 9.036530216950000582e-02 4.077335205700000188e+03
3.942672448569999877e-01 2.196955167869999934e-02 3.655271381439999914e+03
4.435555177500000168e-01 2.816626581750000108e-02 3.697263024779999796e+03
5.703478793649999767e-01 5.669173931089999813e-02 3.877416670529999919e+03
9.160977815070000529e-01 4.556244539259999837e-01 5.256653552920000038e+03
1.102789813990000090e+00 1.120120870650000100e+00 5.912377687899999728e+03
1.219675078020000081e+00 1.805367089480000020e+00 6.186977455780000128e+03
9.215928381260000135e-01 4.691124805240000084e-01 5.280886358849999851e+03
8.437162785280000188e-01 3.053123328219999877e-01 4.920287553389999630e+03
5.959444765829999824e-01 6.623867912089999310e-02 3.936461325069999930e+03
1.562456612399999889e+00 5.564164910329999714e+00 7.312687772450000011e+03
1.420928535939999904e+00 3.644192257329999851e+00 6.760198026750000281e+03
1.347094008660000064e+00 2.859895282030000097e+00 6.517040504730000066e+03
7.937763260810000165e-01 2.277624416750000103e-01 4.681870811550000326e+03
3.509546547640000069e-01 1.753954577010000127e-02 3.614660398909999913e+03
8.677810689889999818e-01 3.499282779239999974e-01 5.034766106619999846e+03
4.093091334599999742e-01 2.369985507020000090e-02 3.667906049900000198e+03
1.572560317460000023e+00 5.724253426089999763e+00 7.354550632939999559e+03
1.259685871290000092e+00 2.098925597570000079e+00 6.280848131519999697e+03
2.240913204049999941e+00 2.553667085220000033e+01 9.913643465099999958e+03
1.209047240949999935e+00 1.732759827800000041e+00 6.162815345089999937e+03
5.325756519840000314e-01 4.542938322040000060e-02 3.806093536740000218e+03
1.601013940859999929e+00 6.192786911629999835e+00 7.473131022180000400e+03
1.064605600779999994e+00 9.455691264069999713e-01 5.806706228879999799e+03
8.752277229079999943e-01 3.647726655130000273e-01 5.069804073710000011e+03
7.745533091039999984e-01 2.027934652170000074e-01 4.592034443280000232e+03
8.309941494850000554e-01 2.837052613739999840e-01 4.859348202430000129e+03
1.070169392399999975e+00 9.696253609710000498e-01 5.822901231320000079e+03
3.927957968510000231e-01 2.180649832539999916e-02 3.654017302109999946e+03
1.403109294290000086e+00 3.442211913590000005e+00 6.697904044730000351e+03
1.995450172269999989e+00 1.583933729520000000e+01 9.049813461870000538e+03
4.413221902860000045e-01 2.784851305600000160e-02 3.695253103680000095e+03
1.002543941869999955e+00 7.069521446959999844e-01 5.604806974660000378e+03
1.066891360350000095e+00 9.553965413249999594e-01 5.813394714979999662e+03
4.250115939090000072e-01 2.564615614709999866e-02 3.681074962449999930e+03
1.223308436089999951e+00 1.830695996100000000e+00 6.195288402230000429e+03
6.594934053690000297e-01 9.866254318780000310e-02 4.122920446080000147e+03
5.121083015030000185e-01 4.048298962090000203e-02 3.774618809250000140e+03
1.335552085250000021e+00 2.749440007150000032e+00 6.482735406849999890e+03
5.645727532280000460e-01 5.476688246550000250e-02 3.865324411340000097e+03
6.680126162599999695e-01 1.041402824730000010e-01 4.152240462720000323e+03
4.274692273390000019e-01 2.596543263210000091e-02 3.683165915080000104e+03
3.363062469259999965e+00 1.266585467879999953e+02 1.314290220269999918e+04
6.333833379879999503e-01 8.364883598939999720e-02 4.039371740030000183e+03
1.521519870739999947e+00 4.948221687210000219e+00 7.145187941070000306e+03
4.880549820310000064e-01 3.550926747790000143e-02 3.743204471269999885e+03
8.769387942059999608e-01 3.682552239390000093e-01 5.077820743330000369e+03
1.187808926720000047e+00 1.594148268519999911e+00 6.114863603980000335e+03
4.118462164949999726e-01 2.400398102880000120e-02 3.670022509079999963e+03
2.891532838040000164e-01 1.213561188609999994e-02 3.528919083279999995e+03
5.759815219760000549e-01 5.864723090860000237e-02 3.889642882659999941e+03
3.662772162929999742e-01 1.902817482500000074e-02 3.630154517649999889e+03
3.652544061690000121e-01 1.892643072719999917e-02 3.629168083879999813e+03
1.947176718919999994e+00 1.430219535680000043e+01 8.869761959350000325e+03
4.454605792620000004e-01 2.844062334870000111e-02 3.698993752360000144e+03
3.592220771040000038e-01 1.833349906959999900e-02 3.623218838950000190e+03
2.158901270099999881e-01 6.691160503049999909e-03 3.351172742520000156e+03
1.294084991899999926e+00 2.378056406849999860e+00 6.367655234720000408e+03
5.484716341549999985e-01 4.980128195490000215e-02 3.833912752470000214e+03
7.568375110460000554e-01 1.819500462149999942e-01 4.511218083869999646e+03
2.198264448000000204e+00 2.361168012130000093e+01 9.769381870799999888e+03
2.721509600770000148e+00 5.560279057179999995e+01 1.141027227490000041e+04
7.494344487170000457e-01 1.738228994959999940e-01 4.478146610050000163e+03
5.284861719869999863e-01 4.438271538360000212e-02 3.799426234139999906e+03
9.037336996010000290e-01 4.264079733589999921e-01 5.201278425780000362e+03
2.123252297890000140e+00 2.047918237849999912e+01 9.510005167350000193e+03
3.663278557569999982e-01 1.903322156010000057e-02 3.630203196729999945e+03
8.696686394079999882e-01 3.536433751509999723e-01 5.043669235360000130e+03
9.011753904979999952e-01 4.205547798120000125e-01 5.189682775989999755e+03
2.739801217320000148e+00 5.709046371149999999e+01 1.146333348499999920e+04
4.274547839339999933e-01 2.596354387699999905e-02 3.683153589609999926e+03
1.278860468990000054e+00 2.251370462210000145e+00 6.328374435169999742e+03
3.255526222189999985e-01 1.521677097399999970e-02 3.584703928890000043e+03
1.266201724619999913e+00 2.149852717019999915e+00 6.296774347339999622e+03
1.287560981529999982e+00 2.323148155760000222e+00 6.350642771290000383e+03
2.813134792379999860e-01 1.150468822839999933e-02 3.514457198460000200e+03
3.100960196129999846e-01 1.387649454499999963e-02 3.563126888979999876e+03
5.110337691699999851e-01 4.024257474980000304e-02 3.773093000599999868e+03
2.946961526369999973e+00 7.597125404870000409e+01 1.204794311539999944e+04
1.095747367580000020e+00 1.086243490590000027e+00 5.893812958280000203e+03
1.382932011829999919e+00 3.223417633790000014e+00 6.630056046249999781e+03
4.867123187080000246e-01 3.525512838130000215e-02 3.741609205289999863e+03
6.870054468249999768e-01 1.174728717859999938e-01 4.221134179829999994e+03
1.347325685439999976e+00 2.862144868810000187e+00 6.517739549760000045e+03
1.009315477639999958e+00 7.304531049689999556e-01 5.628825210770000012e+03
7.142235656790000276e-01 1.395171397109999933e-01 4.327864440489999652e+03
2.687158818600000054e-01 1.051402768009999933e-02 3.489143469789999926e+03
1.067664619819999938e+00 9.587386062680000043e-01 5.815646255550000205e+03
1.673320820220000060e+00 7.506019202980000138e+00 7.775880188760000237e+03
1.302689975470000094e+00 2.451920202200000176e+00 6.390527291329999571e+03
2.980816266640000101e-01 1.286773908539999914e-02 3.544257698630000050e+03
9.197995525469999656e-01 4.646761985080000157e-01 5.273004879950000031e+03
8.452288483950000098e-01 3.079702081680000259e-01 4.927522001229999660e+03
3.905931732690000047e-01 2.156434195309999899e-02 3.652130680629999915e+03
5.453766176340000271e+00 7.907085213069999554e+02 1.756003051240000059e+04
7.910669908309999609e-01 2.240888115520000001e-01 4.669100681779999832e+03
9.529564956310000445e-01 5.522892636570000402e-01 5.414153185320000375e+03
6.408335041599999560e-01 8.767241204549999778e-02 4.062229757449999852e+03
9.469974113610000188e-01 5.356527809229999493e-01 5.389535719769999560e+03
4.649669704509999946e-01 3.144006107220000124e-02 3.717760788550000143e+03
1.373191301739999926e+00 3.121480040469999828e+00 6.598373103109999647e+03
4.745968967959999785e-01 3.306247837109999727e-02 3.727884417199999916e+03
8.366327250449999697e-01 2.931182185219999847e-01 4.886371056750000207e+03
8.157625942020000354e-01 2.595409641629999875e-01 4.786400897989999976e+03
4.387426136400000010e-01 2.748658855359999847e-02 3.692955515799999830e+03
1.062968011239999955e+00 9.385758517869999817e-01 5.801883913990000110e+03
7.357344486939999539e-01 1.596449017319999941e-01 4.418208748840000226e+03
5.254929878530000265e-01 4.363574525629999867e-02 3.794668915409999954e+03
6.924740982589999705e-01 1.216139765850000054e-01 4.241846558160000313e+03
4.979920547789999929e-01 3.746423372279999997e-02 3.755509668770000189e+03
1.628775572619999945e+00 6.675747742859999612e+00 7.589373104989999774e+03
1.144522976259999991e+00 1.337263589370000005e+00 6.015522859110000354e+03
3.043800714459999890e-01 1.339312245960000078e-02 3.554393044989999908e+03
7.269885830550000261e-01 1.511564582119999944e-01 4.380888229299999693e+03
1.309122081760000000e+00 2.508215064529999871e+00 6.407957663940000202e+03
5.527292400100000114e-01 5.105921893160000197e-02 3.841895031330000165e+03
1.659520762519999915e+00 7.241356843890000228e+00 7.718175987650000025e+03
6.712991146860000091e-01 1.063345516040000022e-01 4.163816663790000348e+03
7.455662271830000298e-01 1.697079973320000101e-01 4.461050389080000059e+03
3.578301249149999919e-01 1.819835658920000016e-02 3.621812218999999914e+03
3.803647520010000171e+00 2.027073328710000055e+02 1.420672751579999931e+04
1.708798695440000071e+00 8.217994588419999857e+00 7.923582985140000346e+03
7.220250343240000035e-01 1.465268682349999962e-01 4.360059728250000262e+03
8.505253087020000491e-01 3.174291640169999984e-01 4.952823818689999825e+03
8.143363191569999993e-01 2.573703627560000040e-01 4.779583553479999864e+03
5.899929347569999871e-01 6.386284296850000541e-02 3.921926459620000060e+03
1.263370205660000023e+00 2.127611989740000098e+00 6.289826631150000139e+03
5.431266992690000350e-01 4.827542151739999676e-02 3.824213860700000168e+03
4.366381857669999755e-01 2.719527517520000173e-02 3.691098809399999936e+03
7.578968869800000174e-01 1.831405459519999945e-01 4.515986756559999776e+03
1.644927243920000004e+00 6.968790837130000249e+00 7.657062010960000407e+03
7.666314982869999461e-01 1.932245956889999949e-01 4.555626233359999787e+03
1.287728391059999922e+00 2.324545438329999936e+00 6.351075881460000346e+03
5.117903184809999839e-01 4.041165502929999764e-02 3.774166020000000117e+03
3.708464676209999866e-01 1.948718682590000126e-02 3.634488893379999809e+03
1.111776963959999920e+00 1.164468685489999933e+00 5.935499704920000113e+03
5.993966866519999659e-01 6.766278413779999723e-02 3.945119471500000145e+03
2.110941644960000030e+00 1.999489975850000079e+01 9.466712488429999212e+03
4.173319363610000221e-01 2.467479751539999877e-02 3.674606384690000141e+03
7.203865133669999921e-01 1.450278268749999877e-01 4.353242084880000220e+03
8.735825307119999827e-01 3.614495857250000221e-01 5.062083486440000343e+03
4.485675782849999904e-01 2.889478079639999988e-02 3.701850661089999903e+03
1.114452105880000099e+00 1.177920308590000076e+00 5.942274222050000390e+03
6.138772771279999985e-01 7.402230574809999519e-02 3.983269146759999785e+03
7.279299002919999984e-01 1.520496221000000037e-01 4.384867587460000323e+03
5.823733864750000322e-01 6.096262766990000193e-02 3.904035866889999852e+03
1.028462379870000110e+00 8.001714827910000327e-01 5.694051118929999575e+03
6.758838256320000015e-01 1.094730424900000054e-01 4.180209307479999552e+03
5.597781681250000307e-01 5.322800517850000135e-02 3.855619947180000054e+03
1.001832051769999898e+00 7.045158661970000180e-01 5.602252987089999806e+03
1.559915155870000014e-01 3.174769244310000210e-03 3.120634583389999989e+03
7.511414618480000138e-01 1.756672979520000066e-01 4.485732057879999957e+03
5.361056297980000274e-01 4.635775628830000189e-02 3.812006893650000166e+03
1.142265980909999978e+00 1.324775184469999978e+00 6.010185297809999611e+03
4.919061173540000276e-01 3.625119396749999778e-02 3.747867416909999974e+03
2.729031669449999975e-01 1.084013938999999968e-02 3.497850847629999862e+03
1.521117246690000036e+00 4.942418779909999671e+00 7.143561906079999972e+03
7.099023291420000215e-01 1.357714652720000137e-01 4.310327001310000014e+03
1.083229551739999907e+00 1.027917893689999973e+00 5.859808442530000320e+03
4.504365241289999822e-01 2.917206723250000133e-02 3.703590829730000223e+03
5.547443542900000191e-01 5.166809780690000131e-02 3.845753377810000075e+03
2.805527944630000214e-01 1.144405933209999976e-02 3.513002552580000156e+03
1.447538286319999923e+00 3.961551361750000222e+00 6.857022826129999885e+03
5.484363970819999823e-01 4.979103011239999904e-02 3.833847643820000030e+03
3.994669188980000119e-01 2.255425854530000024e-02 3.659669554290000178e+03
1.268241156270000003e+00 2.165976981510000066e+00 6.301804883290000362e+03
5.255221563469999468e-01 4.364294791949999835e-02 3.794714781080000193e+03
1.025479893520000019e+00 7.889884565470000055e-01 5.684150223820000065e+03
4.647053799199999946e-01 3.139737743399999975e-02 3.717494570819999808e+03
8.004285862150000153e-01 2.370039670190000058e-01 4.713347106330000315e+03
7.895056606720000092e-01 2.219952070529999932e-01 4.661755910120000408e+03
7.236615752139999858e-01 1.480385164109999929e-01 4.366898123769999984e+03
1.290652717399999982e+00 2.349052470849999796e+00 6.358670498980000048e+03
9.183507994399999763e-01 4.611167107479999805e-01 5.266618553510000311e+03
1.882254845879999916e+00 1.240540801699999918e+01 8.621400311190000139e+03
1.560779349029999929e+00 5.537903296229999661e+00 7.305754391899999973e+03
1.652605698929999978e+00 7.111272642190000326e+00 7.689226368679999723e+03
1.041155909880000063e+00 8.491324689489999633e-01 5.735137284589999581e+03
5.397808732900000184e-01 4.734955531750000002e-02 3.818322056760000123e+03
8.058768431759999462e-01 2.448115313210000032e-01 4.739234509189999699e+03
1.862577555849999955e+00 1.186765547469999937e+01 8.544691553290000229e+03
1.356777909909999913e+00 2.955026634050000212e+00 6.546611674710000443e+03
5.381410015240000178e-01 4.690379751700000238e-02 3.815484135260000130e+03
3.834277053099999777e-01 2.079182513970000146e-02 3.645899252860000161e+03
6.071890465070000076e-01 7.100580083940000176e-02 3.965279786439999953e+03
1.220384890150000068e+00 1.810294924619999968e+00 6.188598742410000341e+03
1.348328588059999888e-01 2.200608434709999933e-03 3.016703517580000153e+03
7.551742555249999489e-01 1.800949193820000072e-01 4.503748963209999602e+03
1.745815828080000021e+00 9.010798995629999197e+00 8.076276889259999734e+03
7.810617673959999729e-01 2.109651036000000091e-01 4.622235718019999695e+03
1.319412357780000100e+00 2.600228327760000013e+00 6.436458458619999874e+03
3.580860445549999826e-01 1.822315760119999975e-02 3.622071833089999927e+03
6.570259182340000281e-01 9.713132812699999674e-02 4.114615363539999635e+03
1.271536358979999948e+00 2.192216553759999798e+00 6.309980930980000267e+03
6.260524388089999670e-01 7.988093965780000694e-02 4.017650748949999979e+03
1.459052156050000049e+00 4.104860137780000251e+00 6.900198873479999747e+03
1.630190974690000072e+00 6.701069274159999978e+00 7.595305085570000301e+03
4.625253302189999971e-01 3.104440681570000068e-02 3.715292942879999828e+03
6.552822968179999874e-01 9.606398801700000156e-02 4.108797728540000207e+03
3.534262569220000261e-01 1.777474353449999891e-02 3.617271760560000075e+03
5.687723081009999682e+00 9.272837588590000450e+02 1.796553392739999981e+04
1.243579733610000071e+00 1.976840672260000042e+00 6.242345844249999573e+03
6.818320965839999914e+00 1.863743137059999981e+03 1.973786375870000120e+04
9.784300845619999798e-01 6.280277892840000487e-01 5.515343019369999638e+03
4.561914340909999921e-01 3.004594588619999979e-02 3.709060179160000189e+03
5.167302694040000199e-01 4.153810810079999749e-02 3.781321418720000111e+03
2.361418888869999955e-01 8.089232227310000703e-03 3.410580310010000176e+03
7.068118798360000232e-01 1.331512624160000047e-01 4.297917701999999736e+03
1.813556606049999909e+00 1.060010454740000085e+01 8.350718855170000097e+03
6.458424228150000390e-01 9.049166528499999473e-02 4.078040249430000131e+03
1.208711109560000052e+00 1.730499176119999927e+00 6.162054036780000388e+03
7.325656479359999862e-01 1.565198710790000058e-01 4.404597782019999613e+03
6.031418800150000203e-01 6.924696663219999382e-02 3.954702000050000152e+03
5.330895000549999985e-01 4.556307194889999690e-02 3.806945142980000128e+03
2.314416731340000144e+00 2.911154983549999997e+01 1.015722162480000043e+04
3.211008057829999873e-01 1.482557369139999963e-02 3.578778768289999789e+03
3.252138878920000087e-01 1.518685204179999991e-02 3.584260902859999987e+03
5.807710951800000299e-01 6.037233692740000268e-02 3.900375471710000056e+03
2.690775868959999761e-01 1.054207254659999919e-02 3.489907433079999919e+03
7.879953963750000456e-01 2.199862653459999928e-01 4.654661843120000412e+03
8.276414088860000184e-01 2.782295596450000130e-01 4.843278417139999874e+03
1.547687791820000047e+00 5.335964521960000262e+00 7.251818020220000108e+03
1.545365925030000032e+00 5.300708606259999733e+00 7.242288655729999846e+03
6.484181379419999836e-01 9.197807174670000196e-02 4.086308378499999890e+03
4.055052047300000129e-01 2.325079977929999861e-02 3.664730797679999796e+03
8.874044516129999671e-01 3.901500853800000113e-01 5.126537190070000179e+03
4.900892622579999802e-01 3.589875124599999773e-02 3.745651268770000115e+03
7.859351949509999491e-01 2.172713153080000070e-01 4.645001889739999569e+03
2.277881711590000080e+00 2.729314260450000162e+01 1.003692460879999999e+04
2.387782421639999875e+00 3.301996130549999720e+01 1.039442544459999954e+04
