2.468495492609999786e+00 3.836919415300000225e+01 1.059973576490000050e+04
4.005926447359999809e-01 2.268348091989999885e-02 3.660610698550000052e+03
6.223225206360000206e-01 7.804967543610000225e-02 4.006966557470000225e+03
1.223252579650000005e+00 1.836308056240000042e+00 6.196472619979999763e+03
3.947588455059999890e-01 2.202503908299999896e-02 3.655684079850000217e+03
8.184792313880000503e-01 2.638849580339999723e-01 4.799790237219999653e+03
8.101098490379999850e-01 2.511819096680000252e-01 4.759790486070000043e+03
3.687923286429999781e+00 1.900659255189999897e+02 1.372881136850000075e+04
1.323177917510000023e+00 2.645246850189999943e+00 6.448031064990000232e+03
6.712709563369999577e-01 1.063471709210000032e-01 4.163865550649999932e+03
1.495428534560000022e+00 4.607019455939999730e+00 7.040270163999999568e+03
3.259932683669999887e-01 1.525608887890000064e-02 3.585274918730000081e+03
5.839323232119999485e-01 6.155206081529999984e-02 3.907666135360000226e+03
1.424514488500000065e+00 3.703750034520000067e+00 6.773164484339999944e+03
1.070829391450000001e+00 9.744363063480000475e-01 5.825841091809999853e+03
6.522586395199999609e-01 9.426551605279999413e-02 4.098925002969999696e+03
8.320926145450000533e-01 2.857095593830000224e-01 4.865023256739999852e+03
1.528081435700000101e+00 5.072166202730000073e+00 7.170610970400000042e+03
1.778040402570000067e+00 9.819227697629999696e+00 8.200214534459999413e+03
8.525980629749999595e-01 3.214287518969999868e-01 4.963140742040000077e+03
9.383857901530000545e-01 5.128203152789999608e-01 5.353838316110000051e+03
9.797621493899999479e-01 6.329194990740000248e-01 5.520914189119999719e+03
2.664159281290000014e-01 1.033641785480000040e-02 3.484230626500000199e+03
9.507503613350000160e-01 5.466491745529999946e-01 5.405557717280000361e+03
6.570384308879999580e-01 9.716473444629999956e-02 4.114780298599999696e+03
1.473332602029999938e+00 4.310234378589999693e+00 6.954342526450000150e+03
7.068716884360000119e-01 1.332529838260000099e-01 4.298377706999999646e+03
6.220836450300000209e-01 7.793293873140000327e-02 4.006284089339999809e+03
7.684244388800000047e-01 1.954542827169999941e-01 4.564144560550000278e+03
1.060588489399999945e+00 9.302056189830000266e-01 5.795766711139999643e+03
1.686913375300000073e+00 7.827670820899999882e+00 7.828022360420000041e+03
6.066400772379999529e-01 7.077652318110000396e-02 3.963887225139999828e+03
7.954180273459999784e-01 2.301456168430000004e-01 4.689988719769999989e+03
8.507992725130000267e-01 3.181537733220000108e-01 4.954559819639999660e+03
1.090631092039999972e+00 1.064493695749999969e+00 5.881322221209999952e+03
2.250979466870000056e+00 2.634578324039999941e+01 9.914640266509999492e+03
5.232426797239999594e-01 4.308796124110000209e-02 3.791158541620000051e+03
9.980330047209999833e-01 6.924620338019999988e-01 5.588990903490000164e+03
1.210249449980000058e+00 1.746398493020000053e+00 6.166875339109999913e+03
5.729275464619999481e-01 5.758478924629999857e-02 3.882988716310000200e+03
6.273726263350000165e-01 8.056242194849999594e-02 4.021585310980000031e+03
1.169917375570000084e+00 1.488164128149999987e+00 6.075700494269999581e+03
1.088111772079999984e+00 1.052697526720000054e+00 5.874448384600000281e+03
1.712095881950000120e-01 3.968566062380000231e-03 3.187607557530000122e+03
6.670339622559999793e-01 1.035254353299999985e-01 4.148962368690000403e+03
4.266739986209999724e-01 2.586275126089999932e-02 3.682481673130000217e+03
6.064754114329999890e-01 7.070424120160000159e-02 3.963453438590000133e+03
1.257568754300000036e+00 2.089962652620000139e+00 6.276945011019999583e+03
3.844378559679999974e+00 2.242408095369999899e+02 1.406717765460000010e+04
7.373671663130000331e-01 1.613489849970000112e-01 4.425523489270000027e+03
8.726128939639999915e-01 3.597843046379999854e-01 5.057975505839999641e+03
3.565410482490000144e-01 1.807425712690000075e-02 3.620493403060000219e+03
1.698266512730000066e+00 8.058457354590000676e+00 7.874956636699999763e+03
1.225704789239999926e+00 1.853639186799999949e+00 6.202094309639999665e+03
8.757384435930000155e-01 3.660993361209999852e-01 5.072648724089999632e+03
7.929150320760000037e-01 2.267175363800000010e-01 4.678168166729999939e+03
5.672849073500000339e-01 5.566771521250000326e-02 3.870970785999999862e+03
4.525486733579999754e-01 2.949066145859999960e-02 3.705570876100000078e+03
7.956251324390000157e-01 2.304312640089999920e-01 4.690967901510000047e+03
7.252736849980000455e-01 1.496046668559999904e-01 4.373908106429999862e+03
7.096427209519999835e-01 1.356025452240000040e-01 4.309504755990000376e+03
1.009895707979999946e+00 7.334502070620000369e-01 5.631376136670000051e+03
7.547949559080000537e-01 1.797605633709999928e-01 4.502339640590000272e+03
1.692016170919999896e+00 7.930808107569999876e+00 7.849133054930000071e+03
1.314120818419999948e+00 2.562839409880000030e+00 6.422704707879999660e+03
1.514096387920000009e+00 4.869000947570000015e+00 7.114359976570000072e+03
3.206303759990000168e-01 1.478482293049999952e-02 3.578136138159999973e+03
9.059676811179999678e-01 4.319552024550000202e-01 5.211836385749999863e+03
7.857175056590000040e-01 2.171055159189999861e-01 4.644328573189999588e+03
4.447106223630000188e-01 2.833356729309999961e-02 3.698303622989999894e+03
1.362072377650000110e+00 3.021149614080000045e+00 6.563787067960000059e+03
1.453808878100000035e+00 4.059698446899999702e+00 6.880310512519999975e+03
6.306322188190000011e-01 8.223042831650000106e-02 4.031214249390000077e+03
8.188400164260000169e-01 2.644446111370000185e-01 4.801517097719999583e+03
5.995565151630000145e-01 6.774051555910000355e-02 3.945573202649999985e+03
1.713794154179999918e+00 8.381914521160000575e+00 7.938928241749999870e+03
7.912614092719999492e-01 2.244770901869999891e-01 4.670373024839999744e+03
3.590828291419999818e+00 1.709627597139999864e+02 1.351289808409999932e+04
7.186539081489999869e-01 1.435168387619999986e-01 4.346301383019999776e+03
1.747224847960000105e+00 9.109591495480000134e+00 8.075636056780000217e+03
2.459031585870000036e+00 3.777682970600000090e+01 1.057099865250000039e+04
1.205721208199999950e+00 1.715865688510000098e+00 6.156631053140000404e+03
6.384640385109999761e-01 8.639058875940000548e-02 4.054968760209999800e+03
8.948129376440000504e-01 4.066240216800000029e-01 5.161118824799999857e+03
3.119498663859999743e-01 1.403494673229999969e-02 3.565865224250000210e+03
6.131320235570000277e-01 7.369270840939999567e-02 3.981295883020000019e+03
8.265857514290000374e-01 2.767045828470000024e-01 4.838623330270000224e+03
1.411641518839999998e+00 3.554708976310000157e+00 6.727761006900000211e+03
1.947442933250000063e+00 1.443967296800000000e+01 8.855623951379999198e+03
3.091879921239999995e-01 1.379957152620000030e-02 3.561764980540000124e+03
3.233892638799999997e+00 1.129061420660000010e+02 1.267640014370000063e+04
7.185338272700000362e-01 1.434085761979999873e-01 4.345805020599999807e+03
1.173779180689999979e+00 1.511577376330000000e+00 6.084488034259999949e+03
1.333370101389999896e+00 2.740251750750000159e+00 6.477255457139999635e+03
1.167336686450000105e+00 1.472669035020000017e+00 6.069811063320000358e+03
1.104005594270000001e+00 1.128751252180000053e+00 5.916906310579999626e+03
2.991463028399999891e-01 1.295628026050000062e-02 3.546006907210000008e+03
4.074192174840000069e-01 2.347661959619999975e-02 3.666323477769999954e+03
2.699472699469999792e+00 5.501100573600000132e+01 1.127483730300000025e+04
1.282101104000000102e+00 2.286446185890000038e+00 6.337754681030000029e+03
2.529963516820000091e+00 4.238101892310000096e+01 1.078421997510000074e+04
1.174057458929999909e+00 1.513275022810000037e+00 6.085120185529999617e+03
6.885556469219999975e-01 1.186731397879999955e-01 4.227151565250000203e+03
7.384224459960000431e-01 1.624130200889999931e-01 4.430096303229999648e+03
1.455273041509999921e+00 4.078112960290000366e+00 6.885794453260000410e+03
5.945547864689999518e-01 6.568519677699999337e-02 3.933067336770000111e+03
1.677974613129999959e+00 7.649315587720000309e+00 7.790985814640000171e+03
2.084459372310000003e+00 1.918110933810000063e+01 9.350325117180000234e+03
6.378442987589999502e-01 8.605339802759999490e-02 4.053057231729999785e+03
6.129408385579999674e-01 7.360495178079999590e-02 3.980774646289999964e+03
6.241777168759999883e-01 7.896277296520000377e-02 4.012294577050000044e+03
2.311180652369999866e-01 7.734123480260000037e-03 3.396637220950000028e+03
6.822676157079999859e-01 1.140339070690000040e-01 4.203672553850000440e+03
8.414472166719999535e-01 3.015700108739999830e-01 4.909848558110000340e+03
1.577810328430000020e+00 5.844117489310000302e+00 7.374346757469999829e+03
1.478967800509999986e+00 4.384574412520000131e+00 6.976055083320000449e+03
7.400943599949999507e-01 1.641119548849999943e-01 4.437362857350000013e+03
1.037746233040000021e+00 8.370903160060000348e-01 5.724996157450000283e+03
3.503423477770000183e-01 1.748203233459999853e-02 3.614002129869999862e+03
1.763149841569999987e+00 9.471585407699999237e+00 8.140200382609999906e+03
2.805396550779999942e-01 1.144321113189999961e-02 3.512974869640000179e+03
1.930525346979999890e+00 1.392030433460000083e+01 8.792516828460000397e+03
5.481704182240000334e-01 4.971875264399999717e-02 3.833367724870000075e+03
1.027203939300000091e+00 7.966132323850000363e-01 5.690528780050000023e+03
1.394391715930000109e+00 3.361867558150000157e+00 6.668680711889999657e+03
1.008852464280000083e+00 7.297708357250000111e-01 5.627707514140000058e+03
7.694725565479999529e-01 1.967101632990000126e-01 4.568952430000000277e+03
9.444812231029999783e-01 5.292840758939999501e-01 5.379516539160000320e+03
1.597633113389999915e+00 6.174108854910000055e+00 7.456589800599999762e+03
9.387274121690000195e-01 5.137321899329999608e-01 5.355286629180000091e+03
1.135334517060000020e-01 1.384689820449999968e-03 2.897041830699999991e+03
4.246888263129999785e-01 2.560560502979999931e-02 3.680795016019999821e+03
6.655302858610000483e-01 1.025422394489999972e-01 4.143732232760000443e+03
6.225121504909999492e-01 7.814248117069999555e-02 4.007508910139999898e+03
3.724807186669999992e-01 1.965380312470000126e-02 3.636007440270000188e+03
2.700415974999999857e+00 5.508808886490000134e+01 1.127749759029999950e+04
9.393661258990000373e-01 5.154405165759999852e-01 5.357991576450000139e+03
2.180746162290000123e-01 6.837593327209999863e-03 3.357996803179999915e+03
2.012405461749999791e+00 1.656391190120000090e+01 9.093469470530000763e+03
3.871693351089999791e-01 2.119308690989999897e-02 3.649167660460000207e+03
1.168403819069999905e+00 1.479061736730000076e+00 6.072248167149999972e+03
3.370343898109999792e+00 1.329919915469999978e+02 1.300452189630000066e+04
2.129530491650000190e+00 2.096137292959999954e+01 9.506924905460000446e+03
7.446409792270000105e-01 1.688143882960000119e-01 4.457255195480000111e+03
3.758291537280000205e-01 1.999708383320000088e-02 3.639087101480000001e+03
7.871978843279999749e-01 2.190530154460000045e-01 4.651269083129999672e+03
9.649193233289999894e-01 5.875475039569999502e-01 5.462980561800000032e+03
9.759354547749999886e-01 6.209692685919999677e-01 5.506200547290000031e+03
9.714326213789999942e-01 6.071335490260000300e-01 5.488688188129999617e+03
1.118690020669999896e+00 1.202473697120000073e+00 5.954288358060000064e+03
3.294626769040000180e+00 1.215442307689999950e+02 1.282378346190000047e+04
7.485997939140000002e-01 1.730082604020000137e-01 4.474727514139999585e+03
1.971733635209999891e+00 1.520918517379999990e+01 8.945332317610000246e+03
1.564304305440000098e+00 5.626659023150000216e+00 7.318569547039999634e+03
3.536191921649999848e-01 1.779367587359999975e-02 3.617469545890000063e+03
3.068975473700000234e-01 1.360551375669999917e-02 3.558289776199999778e+03
4.905595237929999963e-01 3.599168996810000326e-02 3.746213094730000194e+03
3.960919021240000060e+00 2.526458164750000037e+02 1.431194340840000041e+04
3.584290665459999858e-01 1.825695643350000105e-02 3.622414870200000223e+03
1.447407260140000096e+00 3.979891042639999821e+00 6.856470903620000172e+03
8.734697042950000379e-01 3.615065243899999725e-01 5.062002206529999967e+03
1.335977279699999964e-01 2.148659787700000091e-03 3.010210678779999853e+03
1.106438902719999895e+00 1.140726020190000023e+00 5.923204261349999797e+03
8.178815823139999885e-01 2.629600902859999811e-01 4.796930035420000422e+03
8.503567640439999575e-01 3.173523708450000091e-01 4.952447795019999830e+03
1.036347051219999926e+00 8.316290157829999696e-01 5.720488647709999896e+03
6.009586367679999874e-01 6.832966209280000314e-02 3.949142054569999800e+03
1.024301607850000018e+00 7.857392015320000533e-01 5.680833739859999696e+03
8.018887070919999971e-01 2.392160033419999943e-01 4.720652723109999897e+03
2.135388545260000104e+00 2.120114293769999847e+01 9.527059040489999461e+03
1.038241123509999975e+00 8.390285641570000008e-01 5.726585592049999832e+03
2.369652633650000118e-01 8.148052833479999674e-03 3.412814827199999854e+03
1.752411673439999928e+00 9.226391537670000531e+00 8.096706810489999953e+03
8.635956530639999906e-01 3.420633363710000041e-01 5.015417174940000223e+03
5.114326453059999666e-01 4.033443877659999982e-02 3.773652417539999988e+03
1.053612534360000019e+00 9.009672521320000182e-01 5.774706265789999634e+03
2.499730569830000138e-01 9.093973858040000149e-03 3.446370676040000035e+03
4.110243792239999805e-01 2.390597791429999869e-02 3.669331106910000017e+03
7.810243819709999924e-01 2.110310466989999967e-01 4.622398808240000108e+03
6.391392050199999897e-01 8.675952368460000674e-02 4.057057460160000119e+03
1.013901675640000111e+00 7.477123321899999953e-01 5.645354056000000128e+03
3.367685803109999876e-01 1.622277448710000153e-02 3.598683864160000212e+03
2.190790928399999782e+00 2.356704893899999931e+01 9.715076960559999861e+03
1.078072891699999980e+00 1.006677554409999953e+00 5.846530962599999839e+03
9.567512593089999573e-01 5.636882298559999782e-01 5.430124235070000395e+03
1.134409226300000073e+00 1.285334798410000090e+00 5.992808175809999739e+03
2.899241390569999854e+00 7.316741056969999590e+01 1.182247411810000085e+04
8.460688510739999835e-01 3.096731701359999867e-01 4.931962269790000391e+03
8.413249873620000097e-01 3.013581279920000133e-01 4.909263327970000319e+03
4.531513601859999962e-01 2.958192130709999881e-02 3.706142086020000079e+03
5.819533192039999525e-01 6.081563552980000231e-02 3.903106337789999998e+03
3.688280511659999816e-01 1.928409546050000034e-02 3.632583900650000032e+03
3.035854429620000183e-01 1.332669548749999995e-02 3.553141495270000178e+03
5.913733264079999996e-01 6.441479136760000501e-02 3.925295009410000148e+03
5.324269910459999977e-01 4.539473420690000316e-02 3.805850813170000038e+03
2.013652157350000138e+00 1.660688197789999876e+01 9.097984504669999296e+03
6.430449169099999862e-01 8.892652850299999356e-02 4.069267192889999933e+03
7.884568096899999823e-01 2.207211362600000060e-01 4.657179598599999736e+03
5.769185797360000256e-01 5.898794073810000038e-02 3.891747720549999940e+03
6.498025057880000288e-01 9.281054230820000306e-02 4.090902122689999942e+03
1.157500768869999946e-01 1.461506649020000072e-03 2.910328296950000095e+03
3.456196410369999916e-01 1.703828184140000063e-02 3.608854161339999791e+03
2.571779511539999952e+00 4.527768632979999808e+01 1.090765060789999916e+04
8.408697391160000478e-01 3.005700538170000269e-01 4.907083463470000424e+03
1.597352267280000016e+00 6.169342484799999582e+00 7.455422241559999748e+03
1.789547469660000001e-01 4.400427505380000159e-03 3.219389046190000045e+03
1.377301050960000106e+00 3.178403017179999956e+00 6.612244137749999936e+03
1.188125099230000092e+00 1.600956176309999979e+00 6.116942480810000234e+03
1.239340362100000092e+00 1.952218281169999958e+00 6.233667572459999974e+03
7.283114681029999593e-01 1.524780464459999929e-01 4.386733254650000163e+03
1.122480295419999941e+00 1.222075931100000012e+00 5.963707569500000318e+03
5.654774236509999552e-01 5.506974803129999901e-02 3.867210944330000075e+03
2.900938135619999803e-01 1.221227519719999925e-02 3.530587830699999813e+03
7.845955586749999711e-01 2.156396208340000120e-01 4.639075698839999859e+03
6.826086438749999763e-01 1.142808819090000011e-01 4.204932704910000211e+03
8.564058218669999833e-01 3.284534922630000242e-01 4.981279558449999968e+03
7.298243483480000293e-01 1.539280463290000067e-01 4.393156221909999658e+03
9.033463723729999728e-01 4.258913799519999932e-01 5.199994077389999802e+03
8.783127665169999654e-01 3.713683428289999977e-01 5.084700473249999959e+03
3.979085591950000111e-01 2.237840356249999954e-02 3.658350878579999971e+03
1.294174904259999925e+00 2.387963808589999903e+00 6.368982850800000051e+03
3.648840395980000206e+00 1.821906776849999972e+02 1.364246259239999927e+04
9.357766590330000023e-01 5.058980551759999500e-01 5.342741538080000282e+03
1.184260290129999893e+00 1.576501599380000007e+00 6.108220233779999944e+03
7.871637744530000091e-01 2.190079717769999879e-01 4.651109045440000045e+03
1.204155714289999901e+00 1.705402369720000033e+00 6.153094481049999558e+03
1.040320826829999934e+00 8.472115009970000443e-01 5.733237220340000022e+03
1.929202238600000063e+00 1.388025156850000030e+01 8.787559370940000008e+03
1.286308512710000018e+00 2.321456301670000055e+00 6.348532101110000440e+03
2.991653624089999908e-01 1.295786271879999924e-02 3.546038125879999825e+03
6.045860057070000515e-01 6.988073490439999924e-02 3.958503572250000161e+03
4.393025467830000141e-01 2.756593710129999833e-02 3.693445396919999894e+03
9.185922650660000022e-01 4.621367511769999825e-01 5.268158847599999717e+03
4.783092499800000175e-01 3.371753460960000282e-02 3.731957934000000023e+03
4.914175900280000064e-01 3.615815015320000131e-02 3.747259619240000120e+03
1.258607601380000052e+00 2.098021950070000141e+00 6.279455687259999650e+03
1.010498937179999945e+00 7.355842552019999925e-01 5.633492055609999625e+03
1.592275890720000087e+00 6.083642884819999708e+00 7.434328268610000123e+03
1.253843613789999978e+00 2.061250206480000013e+00 6.267984114490000138e+03
4.266889072500000268e-01 2.586469281900000139e-02 3.682494370030000027e+03
7.844863991870000275e-01 2.154974591480000035e-01 4.638564959379999891e+03
2.338333943989999941e+00 3.078684105649999836e+01 1.019621476090000033e+04
9.984652492209999952e-01 6.939213230459999604e-01 5.590557491999999911e+03
1.596435365989999910e+00 6.153799686970000238e+00 7.451610801210000318e+03
3.972713975109999907e-01 2.230652206039999974e-02 3.657812826710000081e+03
1.375619851359999979e+00 3.160757288510000151e+00 6.606808916650000356e+03
1.602509358320000077e+00 6.257287290509999877e+00 7.476870021579999957e+03
4.413447363910000254e-01 2.785297175819999999e-02 3.695266463349999867e+03
8.250939382070000550e-01 2.743067111049999895e-01 4.831473109819999991e+03
3.973238180509999773e-01 2.231242818079999871e-02 3.657857118739999805e+03
1.070874910699999960e+00 9.746364224589999514e-01 5.825972588810000161e+03
1.121330418299999909e+00 1.216103950389999966e+00 5.960859324289999677e+03
1.305163861390000068e+00 2.483191437869999962e+00 6.398238591510000333e+03
1.567898553320000055e+00 5.683952357649999954e+00 7.333387817529999666e+03
2.481769163090000063e+00 3.921126467380000236e+01 1.063988925759999984e+04
4.192044731980000272e-01 2.490908832270000151e-02 3.676170354790000147e+03
9.157644970189999789e-01 4.552341451620000035e-01 5.255649776829999610e+03
1.929415126249999890e+00 1.388669052450000052e+01 8.788357239119999576e+03
1.371950321039999920e+00 3.122489423319999791e+00 6.595019063869999627e+03
1.441888252750000099e+00 3.912002092259999841e+00 6.836102624289999767e+03
1.649802179769999988e+00 7.106179993579999632e+00 7.673887913020000269e+03
1.190869147089999913e+00 1.618489096400000049e+00 6.123130405089999840e+03
3.633505803459999850e-01 1.873855103630000032e-02 3.627310906170000180e+03
4.982925893710000165e-01 3.752777898589999828e-02 3.755886638840000160e+03
5.431968131729999483e-01 4.829971388410000260e-02 3.824347164310000153e+03
1.426469030850000097e+00 3.726768327629999877e+00 6.780152085650000117e+03
6.692287948189999947e-01 1.049776249510000065e-01 4.156651968510000188e+03
2.031949884009999874e+00 1.724677840260000039e+01 9.163959492149999278e+03
2.040125344170000132e-01 5.915544712810000272e-03 3.312222320610000224e+03
7.522575041650000349e-01 1.769667067519999915e-01 4.490991395889999694e+03
5.942645317029999763e-01 6.556811618619999560e-02 3.932352379259999907e+03
6.513416452210000207e-01 9.371956567120000303e-02 4.095919761149999886e+03
1.505683014159999944e+00 4.749637266949999770e+00 7.080816144989999884e+03
1.091377092769999946e+00 1.068005894109999909e+00 5.883347785289999592e+03
7.624101564280000298e-01 1.883844662280000082e-01 4.536702762429999893e+03
5.319168605309999576e-01 4.526260619679999680e-02 3.805009100669999953e+03
8.423651378130000422e-01 3.031651892710000018e-01 4.914242965800000093e+03
2.440946648899999794e+00 3.666323337789999925e+01 1.051582975590000024e+04
5.297990092350000069e-01 4.471918205599999946e-02 3.801547264629999972e+03
6.275632142229999877e-01 8.065894375529999993e-02 4.022144140899999911e+03
7.709014504479999585e-01 1.984338069040000041e-01 4.575518687660000069e+03
4.754200186359999747e-01 3.320774697429999811e-02 3.728772221350000109e+03
6.512545776339999648e-01 9.366789829480000329e-02 4.095635030339999958e+03
6.480797253860000051e-01 9.180388290509999827e-02 4.085325307739999971e+03
1.075816586359999993e+00 9.965486888779999664e-01 5.840136511529999552e+03
9.977049640199999736e-01 6.913561290369999446e-01 5.587800619740000002e+03
2.643190491229999939e+00 5.055158791449999711e+01 1.111474819120000029e+04
1.082783311170000040e+00 1.028075962319999981e+00 5.859737109239999882e+03
6.880884155959999804e-01 1.183221582600000044e-01 4.225389339970000037e+03
1.600905148280000079e+00 6.229834775069999608e+00 7.470196486410000034e+03
7.321562265209999865e-01 1.561879768660000001e-01 4.403102046779999910e+03
4.323731490619999729e-01 2.661656610980000018e-02 3.687373208850000083e+03
8.172508547119999855e-01 2.619870185700000076e-01 4.793912070020000101e+03
6.032006114029999644e-01 6.928372062939999743e-02 3.954906209299999773e+03
8.839883465440000476e-01 3.832033155319999884e-01 5.111155208119999770e+03
5.920301557029999939e-01 6.467475725639999784e-02 3.926888073250000161e+03
4.173782563160000070e-01 2.468153105059999949e-02 3.674639202970000042e+03
8.263068829009999616e-01 2.762550037070000131e-01 4.837286635430000388e+03
3.653326648479999772e-01 1.893476936070000172e-02 3.629239366690000224e+03
7.667016495570000423e-01 1.934054335150000026e-01 4.556258007049999833e+03
1.101128769890000081e+00 1.114716208880000003e+00 5.909404308490000403e+03
1.190540819780000037e+00 1.616383809030000007e+00 6.122390160330000072e+03
2.310889745970000075e-01 7.732082243409999986e-03 3.396554994189999888e+03
4.742383077210000075e-01 3.300202086100000043e-02 3.727487437889999910e+03
8.663096493209999638e-01 3.473198934660000070e-01 5.028259045349999724e+03
5.979568328230000507e-01 6.707534904690000410e-02 3.941535291740000048e+03
1.058050299150000040e+00 9.194845114580000311e-01 5.788158761689999665e+03
4.795531069669999868e-01 3.394002525470000281e-02 3.733349298569999974e+03
7.383014132870000523e-01 1.622906578939999900e-01 4.429571294680000392e+03
5.756615611630000462e-01 5.854170594020000062e-02 3.888965708239999913e+03
8.406008869479999479e-01 3.001054557660000066e-01 4.905796010850000130e+03
1.565343328870000050e+00 5.643178553870000336e+00 7.322851165029999720e+03
9.373359380619999959e-01 5.100260085659999998e-01 5.349380726960000175e+03
1.713220149360000111e+00 8.369795275330000450e+00 7.936568347780000295e+03
9.030930156109999718e-01 4.253089406000000183e-01 5.198846930859999702e+03
9.389477954910000479e-01 5.143211283469999451e-01 5.356220376919999580e+03
4.666727552620000274e-01 3.172180590870000289e-02 3.719499832659999811e+03
1.491491562880000066e+00 4.553093341320000320e+00 7.024809790440000143e+03
6.064620124549999769e-01 7.069836318580000056e-02 3.963418157959999917e+03
5.180805721129999597e-01 4.185606103299999853e-02 3.783319898669999930e+03
3.770641082480000073e+00 2.075920075600000132e+02 1.390913646920000065e+04
5.687622267640000118e-01 5.616221053329999852e-02 3.874076091930000075e+03
7.396419538239999980e-01 1.636506411920000126e-01 4.435393980120000379e+03
4.736002978210000158e+00 5.231490659209999876e+02 1.579901468559999921e+04
1.316720539729999917e+00 2.586302101499999839e+00 6.429913383529999919e+03
1.290151937899999934e+00 2.353779298010000076e+00 6.358474276740000278e+03
3.673811829260000272e-01 1.913897798769999964e-02 3.631207925539999906e+03
6.105983871200000301e-01 7.253904798030000323e-02 3.974430513719999908e+03
4.109699115479999998e-01 2.389943489909999996e-02 3.669285671220000040e+03
7.676851813249999656e-01 1.945727648380000119e-01 4.560757921649999844e+03
8.074336087629999659e-01 2.472316037819999868e-01 4.747030196230000001e+03
8.679796073800000178e-01 3.505871554359999975e-01 5.036147361749999618e+03
1.849288913549999913e+00 1.160936203700000036e+01 8.482181324060000406e+03
1.616632405030000053e+00 6.502726394019999745e+00 7.535675081299999874e+03
1.345184588059999964e+00 2.853462971839999973e+00 6.512112688760000310e+03
8.367804622119999758e-01 2.935680168109999766e-01 4.887493723059999866e+03
1.602699711070000088e+00 6.260550501180000005e+00 7.477661991369999669e+03
2.137836158469999859e+00 2.130190364139999915e+01 9.535456820229999721e+03
2.958558965429999854e-01 1.268410174999999931e-02 3.540540072690000216e+03
7.405011893370000431e-01 1.645278083579999884e-01 4.439135025399999904e+03
1.894322119359999945e+00 1.285358324010000075e+01 8.655713289560000703e+03
1.867288824859999918e+00 1.209591045170000001e+01 8.551987125569999989e+03
6.357217052910000277e-01 8.490903246629999401e-02 4.046551686190000055e+03
1.405556090849999995e+00 3.485786616990000031e+00 6.706682563839999602e+03
1.095096779039999912e+00 1.085649967990000020e+00 5.893381531390000418e+03
6.106366452150000512e-01 7.255631916650000235e-02 3.974533502700000099e+03
7.166993709260000012e-01 1.417641595590000136e-01 4.338242099109999799e+03
4.333604947740000157e-01 2.674958454690000084e-02 3.688229257489999782e+03
9.668852307690000147e-01 5.934063258489999937e-01 5.470786390180000126e+03
8.174212577770000321e-01 2.622496105170000202e-01 4.794727374400000372e+03
5.234005115980000511e-01 4.312634246929999970e-02 3.791402886219999800e+03
6.427475388419999769e-01 8.875955313880000419e-02 4.068329944279999836e+03
7.940067469820000223e-01 2.282072658390000008e-01 4.683320753660000264e+03
6.994405135079999614e-01 1.271420010669999934e-01 4.268989154279999639e+03
2.073280038250000068e+00 1.875689306190000138e+01 9.311008498279999912e+03
5.352380456399999931e-01 4.613152189980000012e-02 3.810544196259999808e+03
1.476710121320000013e+00 4.354680811909999782e+00 6.967338725270000396e+03
7.333936791409999545e-01 1.573996380759999925e-01 4.408402234139999564e+03
5.156907261309999768e-01 4.130081852070000004e-02 3.779790002509999795e+03
1.310895208840000103e+00 2.533944539380000194e+00 6.413828206940000200e+03
1.863577592820000017e+00 1.199443089989999933e+01 8.537642823789999966e+03
1.125467795160000062e+00 1.237694550510000102e+00 5.971070742290000453e+03
7.762544454919999559e-01 2.050101904599999914e-01 4.600232829520000450e+03
8.877422861720000169e-01 3.911982764160000237e-01 5.128559123590000127e+03
1.524232437680000052e+00 5.015653932740000265e+00 7.155072230140000102e+03
1.429431612319999934e+00 3.761855186380000049e+00 6.790789359319999676e+03
5.362790566259999503e-01 4.640815313860000013e-02 3.812306133730000056e+03
6.359794713130000332e-01 8.504713966589999563e-02 4.047338294560000122e+03
4.719180777390000192e-01 3.260269099739999954e-02 3.724994725640000070e+03
6.574657677570000525e-01 9.742835453260000056e-02 4.116213370929999655e+03
1.870523936419999922e-01 4.870955376289999757e-03 3.251025509659999898e+03
4.639602168790000203e-01 3.127778908119999840e-02 3.716730895830000009e+03
8.414443715680000047e-01 3.015650775109999793e-01 4.909834936039999775e+03
1.189153468490000032e+00 1.607510293600000084e+00 6.119261846899999910e+03
5.905261392180000124e-01 6.408124884660000575e-02 3.923249131529999886e+03
2.619603976520000210e-01 9.994775250050000684e-03 3.474454406050000216e+03
1.572702381370000069e+00 5.761178972319999758e+00 7.353222495269999854e+03
1.133125430210000006e+00 1.278411679710000026e+00 5.989713451069999792e+03
1.416595636630000099e+00 3.611542767960000067e+00 6.745105439230000229e+03
1.133744782910000026e+00 1.281748165780000059e+00 5.991207521510000333e+03
9.578269291750000081e-01 5.667860986770000276e-01 5.434489863939999850e+03
6.876738737559999759e-01 1.180116057240000044e-01 4.223828193579999606e+03
4.553761409489999745e-01 2.992173358789999849e-02 3.708267265259999931e+03
5.015887421829999804e-01 3.820784714540000071e-02 3.760181381580000107e+03
4.066361707710000051e-01 2.338434372380000098e-02 3.665669816250000167e+03
7.241519378909999638e-01 1.485564018949999954e-01 4.369196808849999798e+03
3.100585751650000166e-01 1.387360184399999939e-02 3.563067986229999860e+03
6.186871291019999664e-01 7.629346371329999432e-02 3.996668317999999999e+03
1.263468028839999924e-01 1.854987860660000081e-03 2.971053311669999857e+03
7.136695728949999928e-01 1.390869775780000095e-01 4.325833892069999820e+03
1.948859987320000098e+00 1.448378982899999912e+01 8.860886425650000092e+03
1.776351678800000000e+00 9.779352446640000807e+00 8.193426255700000183e+03
1.405508663330000019e+00 3.485253295520000183e+00 6.706519282299999759e+03
1.274279977640000006e+00 2.222396105820000134e+00 6.318004702600000201e+03
6.954867755000000429e-01 1.240002979859999993e-01 4.253620224420000341e+03
4.843392973130000279e+00 5.747080664950000255e+02 1.598711296009999933e+04
1.028538014170000015e+00 8.016503053269999901e-01 5.694955161240000052e+03
6.531453126170000401e-01 9.479653418670000442e-02 4.101842088929999591e+03
1.150300750119999993e+00 1.373374103970000037e+00 6.030477089199999682e+03
6.424242613999999740e-01 8.857840808549999334e-02 4.067312489869999808e+03
9.314030908449999480e-01 4.944607764869999866e-01 5.324002415840000140e+03
4.520355112359999983e-01 2.941322153749999918e-02 3.705085990579999816e+03
1.678982964450000059e+00 7.669288470169999705e+00 7.795167140440000367e+03
1.567840733529999975e+00 5.683027394269999810e+00 7.333149284940000143e+03
7.422056502589999827e-01 1.662805513180000139e-01 4.446576507910000146e+03
8.970667691350000528e-01 4.116431443269999990e-01 5.171432946740000261e+03
3.157292217609999896e-01 1.435951868599999980e-02 3.571320317929999874e+03
5.659519138509999658e-01 5.522597741069999733e-02 3.868193761980000090e+03
1.987225294669999975e+00 1.571483633369999922e+01 9.001995179359999383e+03
4.543732402019999839e-01 2.976797615319999937e-02 3.707305990100000145e+03
1.211357907420000046e+00 1.753933323939999900e+00 6.169386946329999773e+03
7.420060385490000465e-01 1.660744086819999910e-01 4.445703634370000145e+03
7.277875811430000175e-01 1.519788883659999867e-01 4.384514590519999729e+03
8.553515584659999726e-01 3.264959504370000265e-01 4.976261135359999571e+03
7.204620794199999567e-01 1.451563310779999949e-01 4.353794805319999796e+03
2.877984195419999724e-01 1.202600312520000006e-02 3.526485159070000009e+03
2.744912876289999915e-01 1.096483396569999935e-02 3.501073509070000000e+03
3.958273255190000173e-01 2.214436051400000063e-02 3.656590783699999974e+03
1.232571507609999895e+00 1.902812021239999929e+00 6.217922374689999742e+03
8.673866402000000031e-01 3.494241442009999865e-01 5.033347598800000014e+03
9.447909736320000418e-01 5.301317167129999675e-01 5.380812077790000330e+03
3.768483317269999966e-01 2.010242577280000123e-02 3.640014112880000084e+03
1.048852667090000024e+00 8.814249094360000480e-01 5.760060857079999550e+03
6.160098493040000456e-01 7.502767773910000437e-02 3.989204698930000177e+03
4.160056906660000164e-01 2.451189358039999877e-02 3.673490491970000221e+03
5.307135904659999737e-01 4.495284911070000083e-02 3.803035807690000183e+03
6.130504410649999514e-01 7.365524678750000331e-02 3.981073397189999923e+03
1.665854925259999897e+00 7.412153547800000020e+00 7.740669731990000400e+03
1.201900161760000030e+00 1.690409985809999904e+00 6.148002587859999949e+03
7.007607448299999486e-01 1.282078403620000029e-01 4.274162494330000300e+03
1.098566976419999897e+00 1.102309471929999951e+00 5.902645131369999945e+03
1.470569483400000044e+00 4.274117246700000372e+00 6.943750182540000424e+03
5.843330290639999758e-01 6.170242825689999794e-02 3.908595957200000157e+03
9.198495251410000462e-01 4.652324421749999828e-01 5.273699964340000406e+03
1.012956517989999972e+00 7.443281863089999950e-01 5.642071760419999919e+03
5.826699053780000082e-01 6.108110254250000148e-02 3.904751196820000132e+03
3.943938303000000256e-01 2.198440416660000021e-02 3.655373809260000144e+03
7.088303419899999458e-01 1.349096843429999915e-01 4.306233313110000381e+03
5.402455407130000165e-01 4.748126199890000121e-02 3.819138985420000154e+03
7.767392892459999976e-01 2.056152173780000092e-01 4.602479931910000232e+03
1.765449044599999961e+00 9.524682151569999533e+00 8.149489919040000132e+03
2.817696040189999973e+00 6.529933450289999541e+01 1.160265325459999985e+04
7.623277161229999876e-01 1.882891597989999888e-01 4.536328400489999694e+03
5.867367663289999591e-01 6.261342323830000611e-02 3.914220240439999998e+03
4.543694956339999758e-01 2.976740383830000017e-02 3.707302411109999866e+03
2.662315900639999899e+00 5.203636622869999684e+01 1.116945110670000031e+04
7.595676361830000500e-01 1.851230618420000029e-01 4.523824010180000187e+03
9.967436377880000142e-01 6.881231307530000230e-01 5.584305714459999763e+03
4.674556228439999961e-01 3.185139350709999956e-02 3.720307983679999779e+03
2.204626261219999883e-01 6.998864404300000203e-03 3.365340403069999866e+03
4.999091222770000176e-01 3.785934890420000060e-02 3.757979358160000174e+03
1.067453980160000038e+00 9.596841756409999480e-01 5.816037007220000305e+03
5.874238987900000097e-01 6.287668940589999367e-02 3.915842679119999957e+03
6.178009855239999792e-01 7.587193808549999585e-02 3.994186647949999951e+03
7.737935820610000182e-01 2.019634245749999946e-01 4.588849238519999744e+03
7.361169229039999928e-01 1.600966368979999943e-01 4.420119720730000154e+03
5.901078190920000521e-01 6.391728416950000213e-02 3.922242612330000156e+03
5.820952886300000406e-01 6.086812286860000115e-02 3.903431655710000086e+03
3.941796524050000250e-01 2.196059114720000024e-02 3.655191625380000005e+03
1.084366516660000057e+00 1.035345308179999924e+00 5.864133029839999836e+03
7.172473710410000036e-01 1.422535270180000089e-01 4.340497411989999819e+03
7.590366365009999505e-01 1.845194365210000020e-01 4.521424934020000364e+03
2.085588882340000172e+00 1.922434910999999857e+01 9.354286842719999186e+03
5.826427489380000546e-01 6.107101762000000100e-02 3.904688733059999777e+03
6.662875846529999757e-01 1.030362247409999932e-01 4.146362423939999644e+03
1.102297576560000048e+00 1.120402472160000107e+00 5.912459677349999765e+03
1.122908387939999919e+00 1.224304873249999925e+00 5.964765917970000373e+03
6.456214275689999837e-01 9.038704595110000350e-02 4.077440009500000087e+03
3.942672448569999877e-01 2.197032728579999955e-02 3.655266144799999893e+03
4.435555177500000168e-01 2.816756700830000057e-02 3.697256108030000178e+03
5.703478793649999767e-01 5.669879115419999838e-02 3.877441525960000035e+03
9.160977815070000529e-01 4.560433866460000263e-01 5.257127407140000287e+03
1.102789813990000090e+00 1.122803740469999978e+00 5.913743378189999930e+03
1.219675078020000081e+00 1.811238686410000076e+00 6.188296668099999806e+03
9.215928381260000135e-01 4.695522628659999920e-01 5.281361975929999971e+03
8.437162785280000188e-01 3.055260175289999935e-01 4.920709385309999561e+03
5.959444765829999824e-01 6.624906490599999365e-02 3.936506774760000098e+03
1.562456612399999889e+00 5.597368176699999864e+00 7.310959795540000414e+03
1.420928535939999904e+00 3.661786669440000086e+00 6.760407928210000136e+03
1.347094008660000064e+00 2.872074357349999829e+00 6.517845994219999739e+03
7.937763260810000165e-01 2.278921349720000045e-01 4.682232825959999900e+03
3.509546547640000069e-01 1.754002768790000055e-02 3.614656363059999876e+03
8.677810689889999818e-01 3.501974007809999789e-01 5.035210090460000174e+03
4.093091334599999742e-01 2.370076456180000152e-02 3.667900341260000005e+03
1.572560317460000023e+00 5.758884403069999713e+00 7.352635463450000316e+03
1.259685871290000092e+00 2.106411206519999801e+00 6.282067177130000346e+03
2.240913204049999941e+00 2.586549263299999879e+01 9.881591316939999160e+03
1.209047240949999935e+00 1.738253452059999926e+00 6.164153179300000374e+03
5.325756519840000314e-01 4.543332928550000011e-02 3.806096679150000000e+03
1.601013940859999929e+00 6.231693786480000163e+00 7.470649016379999921e+03
1.064605600779999994e+00 9.473686530960000463e-01 5.807681287180000254e+03
8.752277229079999943e-01 3.650613048479999789e-01 5.070254093909999938e+03
7.745533091039999984e-01 2.028997489690000100e-01 4.592359695780000038e+03
8.309941494850000554e-01 2.838939087349999779e-01 4.859757016499999736e+03
1.070169392399999975e+00 9.715382773820000484e-01 5.823932340080000358e+03
3.927957968510000231e-01 2.180726185549999863e-02 3.654012109969999983e+03
1.403109294290000086e+00 3.458349508780000026e+00 6.698279145249999601e+03
1.995450172269999989e+00 1.598807412640000081e+01 9.031906662019999203e+03
4.413221902860000045e-01 2.784978427849999980e-02 3.695246272119999958e+03
1.002543941869999955e+00 7.078252941699999523e-01 5.605272359700000379e+03
1.066891360350000095e+00 9.572419421600000256e-01 5.814392581219999556e+03
4.250115939090000072e-01 2.564722838219999843e-02 3.681068724830000065e+03
1.223308436089999951e+00 1.836701489049999969e+00 6.196600506509999832e+03
6.594934053690000297e-01 9.868918398150000604e-02 4.123047657930000241e+03
5.121083015030000185e-01 4.048585188190000073e-02 3.774613490860000184e+03
1.335552085250000021e+00 2.760909552639999820e+00 6.483613371780000307e+03
5.645727532280000460e-01 5.477334039270000121e-02 3.865345343519999915e+03
6.680126162599999695e-01 1.041704387469999937e-01 4.152382967470000040e+03
4.274692273390000019e-01 2.596653275480000078e-02 3.683159591000000091e+03
3.363062469259999965e+00 1.318574503199999981e+02 1.298728277080000043e+04
6.333833379879999503e-01 8.366699011389999718e-02 4.039459058399999776e+03
1.521519870739999947e+00 4.976100150309999748e+00 7.144146700819999751e+03
4.880549820310000064e-01 3.551134459679999855e-02 3.743195625070000006e+03
8.769387942059999608e-01 3.685485170009999978e-01 5.078272087370000008e+03
1.187808926720000047e+00 1.598945098870000026e+00 6.116229286110000430e+03
4.118462164949999726e-01 2.400491511599999947e-02 3.670016717590000098e+03
2.891532838040000164e-01 1.213583533359999939e-02 3.528916439480000008e+03
5.759815219760000549e-01 5.865491291620000130e-02 3.889671805609999865e+03
3.662772162929999742e-01 1.902874732959999871e-02 3.630150081279999995e+03
3.652544061690000121e-01 1.892699677539999917e-02 3.629163675020000028e+03
1.947176718919999994e+00 1.443139560120000020e+01 8.854634914109999954e+03
4.454605792620000004e-01 2.844195066559999929e-02 3.698986762160000126e+03
3.592220771040000038e-01 1.833402826329999860e-02 3.623214590059999864e+03
2.158901270099999881e-01 6.691228866700000416e-03 3.351171348519999810e+03
1.294084991899999926e+00 2.387195848100000184e+00 6.368746829169999728e+03
5.484716341549999985e-01 4.980632807990000022e-02 3.833923954249999952e+03
7.568375110460000554e-01 1.820382509200000054e-01 4.511512371269999676e+03
2.198264448000000204e+00 2.390007137550000138e+01 9.740116035749999355e+03
2.721509600770000148e+00 5.683239187430000072e+01 1.133679495889999998e+04
7.494344487170000457e-01 1.739044288669999994e-01 4.478428757540000333e+03
5.284861719869999863e-01 4.438641788270000083e-02 3.799427524459999859e+03
9.037336996010000290e-01 4.267830423680000207e-01 5.201746950859999743e+03
2.123252297890000140e+00 2.070657125620000016e+01 9.485291462659999524e+03
3.663278557569999982e-01 1.903379438589999917e-02 3.630198758989999988e+03
8.696686394079999882e-01 3.539173334049999786e-01 5.044114790319999884e+03
9.011753904979999952e-01 4.209212794369999733e-01 5.190149976959999549e+03
2.739801217320000148e+00 5.837715625669999753e+01 1.138792040330000054e+04
4.274547839339999933e-01 2.596464383370000045e-02 3.683147266039999977e+03
1.278860468990000054e+00 2.259745552170000060e+00 6.329527434079999693e+03
3.255526222189999985e-01 1.521712831659999959e-02 3.584700505950000206e+03
1.266201724619999913e+00 2.157631710570000028e+00 6.297972321199999897e+03
1.287560981529999982e+00 2.331953567879999856e+00 6.351761678279999614e+03
2.813134792379999860e-01 1.150488854889999968e-02 3.514454708289999871e+03
3.100960196129999846e-01 1.387678930560000065e-02 3.563123810460000186e+03
5.110337691699999851e-01 4.024538868150000226e-02 3.773087290890000077e+03
2.946961526369999973e+00 7.808080621249999353e+01 1.194885603210000045e+04
1.095747367580000020e+00 1.088758606400000106e+00 5.895125318800000059e+03
1.382932011829999919e+00 3.238026217699999876e+00 6.630601866940000036e+03
4.867123187080000246e-01 3.525717607090000233e-02 3.741600424629999907e+03
6.870054468249999768e-01 1.175125332919999960e-01 4.221315596350000305e+03
1.347325685439999976e+00 2.874338537669999916e+00 6.518543531039999834e+03
1.009315477639999958e+00 7.314020488960000232e-01 5.629337177999999767e+03
7.142235656790000276e-01 1.395729113979999880e-01 4.328094940160000078e+03
2.687158818600000054e-01 1.051419452410000052e-02 3.489141216349999922e+03
1.067664619819999938e+00 9.605997486199999713e-01 5.816651906600000075e+03
1.673320820220000060e+00 7.557617025839999947e+00 7.771677662469999632e+03
1.302689975470000094e+00 2.461515483509999935e+00 6.391580511510000179e+03
2.980816266640000101e-01 1.286799116860000078e-02 3.544254873880000105e+03
9.197995525469999656e-01 4.651090821819999777e-01 5.273479964649999602e+03
8.452288483950000098e-01 3.081870561300000255e-01 4.927945328159999917e+03
3.905931732690000047e-01 2.156508772159999865e-02 3.652125554560000182e+03
5.453766176340000271e+00 9.610969035489999897e+02 1.695281592680000176e+04
7.910669908309999609e-01 2.242149440860000120e-01 4.669457310859999779e+03
9.529564956310000445e-01 5.528655631719999741e-01 5.414630681440000444e+03
6.408335041599999560e-01 8.769267655899999625e-02 4.062327466589999858e+03
9.469974113610000188e-01 5.362007163890000205e-01 5.390014017339999555e+03
4.649669704509999946e-01 3.144168883120000008e-02 3.717753002209999977e+03
1.373191301739999926e+00 3.135393175559999968e+00 6.598994905520000430e+03
4.745968967959999785e-01 3.306427965429999810e-02 3.727876205550000122e+03
8.366327250449999697e-01 2.933176235469999726e-01 4.886785733220000111e+03
8.157625942020000354e-01 2.597030802499999957e-01 4.786793263810000099e+03
4.387426136400000010e-01 2.748782602360000035e-02 3.692948781430000054e+03
1.062968011239999955e+00 9.403431101100000467e-01 5.802842818600000101e+03
7.357344486939999539e-01 1.597153036289999939e-01 4.418469630530000359e+03
5.254929878530000265e-01 4.363927860269999764e-02 3.794668903450000016e+03
6.924740982589999705e-01 1.216568663289999963e-01 4.242040527299999667e+03
4.979920547789999929e-01 3.746654317369999682e-02 3.755500321150000218e+03
1.628775572619999945e+00 6.719206201429999581e+00 7.586279754930000308e+03
1.144522976259999991e+00 1.340860311279999939e+00 6.016909354680000433e+03
3.043800714459999890e-01 1.339339630040000013e-02 3.554390088690000084e+03
7.269885830550000261e-01 1.512205202780000091e-01 4.381136325839999699e+03
1.309122081760000000e+00 2.518162680730000158e+00 6.408980414270000438e+03
5.527292400100000114e-01 5.106460634459999981e-02 3.841908642760000021e+03
1.659520762519999915e+00 7.290318938399999560e+00 7.714334512280000126e+03
6.712991146860000091e-01 1.063661795329999965e-01 4.163965410439999687e+03
7.455662271830000298e-01 1.697862287570000017e-01 4.461326375990000088e+03
3.578301249149999919e-01 1.819887756790000005e-02 3.621808006469999782e+03
3.803647520010000171e+00 2.149218432149999956e+02 1.398018942840000091e+04
1.708798695440000071e+00 8.276861647049999604e+00 7.918377469189999829e+03
7.220250343240000035e-01 1.465875764020000138e-01 4.360300834800000302e+03
8.505253087020000491e-01 3.176574151070000185e-01 4.953252281709999806e+03
8.143363191569999993e-01 2.575301736269999808e-01 4.779974340570000095e+03
5.899929347569999871e-01 6.387233840210000679e-02 3.921966615469999851e+03
1.263370205660000023e+00 2.135262387040000043e+00 6.291033932760000425e+03
5.431266992690000350e-01 4.828006853149999916e-02 3.824222192619999987e+03
4.366381857669999755e-01 2.719648577510000095e-02 3.691092153399999916e+03
7.578968869800000174e-01 1.832297463479999888e-01 4.516282819179999933e+03
1.644927243920000004e+00 7.015078239540000204e+00 7.653585180330000185e+03
7.666314982869999461e-01 1.933224105870000042e-01 4.555937300929999765e+03
1.287728391059999922e+00 2.333359299000000053e+00 6.352194106509999983e+03
5.117903184809999839e-01 4.041450290819999930e-02 3.774160585290000199e+03
3.708464676209999866e-01 1.948778893760000006e-02 3.634484332689999974e+03
1.111776963959999920e+00 1.167330216929999942e+00 5.936872975459999907e+03
5.993966866519999659e-01 6.767372299099999600e-02 3.945168145459999778e+03
2.110941644960000030e+00 2.021339730020000047e+01 9.442703734860000623e+03
4.173319363610000221e-01 2.467578695440000164e-02 3.674600410680000095e+03
7.203865133669999921e-01 1.450874649510000003e-01 4.353480925500000012e+03
8.735825307119999827e-01 3.617338108970000188e-01 5.062532210970000051e+03
4.485675782849999904e-01 2.889615186800000013e-02 3.701843549530000018e+03
1.114452105880000099e+00 1.180836861750000022e+00 5.943649432920000436e+03
6.138772771279999985e-01 7.403589260729999399e-02 3.983332668770000055e+03
7.279299002919999984e-01 1.521143397020000010e-01 4.385117031150000003e+03
5.823733864750000322e-01 6.097109084990000316e-02 3.904069709030000013e+03
1.028462379870000110e+00 8.013640777899999623e-01 5.694704715369999576e+03
6.758838256320000015e-01 1.095068386549999939e-01 4.180367094770000222e+03
5.597781681250000307e-01 5.323400705899999918e-02 3.855637802239999928e+03
1.001832051769999898e+00 7.053813521580000190e-01 5.602713601839999683e+03
1.559915155870000014e-01 3.174786171800000195e-03 3.120633905979999781e+03
7.511414618480000138e-01 1.757503234879999876e-01 4.486016963650000434e+03
5.361056297980000274e-01 4.636192478719999843e-02 3.812011704720000125e+03
1.142265980909999978e+00 1.328316752899999953e+00 6.011571642570000222e+03
4.919061173540000276e-01 3.625335802330000023e-02 3.747858379849999892e+03
2.729031669449999975e-01 1.084031687589999925e-02 3.497848516879999806e+03
1.521117246690000036e+00 4.970248400550000056e+00 7.142526869240000451e+03
7.099023291420000215e-01 1.358246699700000060e-01 4.310551821410000230e+03
1.083229551739999907e+00 1.030120946490000078e+00 5.860978290299999571e+03
4.504365241289999822e-01 2.917346532729999872e-02 3.703583644220000224e+03
5.547443542900000191e-01 5.167365439660000226e-02 3.845768169389999912e+03
2.805527944630000214e-01 1.144425750489999963e-02 3.513000077050000073e+03
1.447538286319999923e+00 3.981513056629999880e+00 6.856956567590000304e+03
5.484363970819999823e-01 4.979607350149999750e-02 3.833858826119999776e+03
3.994669188980000119e-01 2.255507823079999988e-02 3.659664158080000107e+03
1.268241156270000003e+00 2.173849658710000021e+00 6.302995974659999774e+03
5.255221563469999468e-01 4.364648287830000251e-02 3.794714781600000151e+03
1.025479893520000019e+00 7.901399311929999669e-01 5.684780523499999617e+03
4.647053799199999946e-01 3.139900073060000046e-02 3.717486795719999918e+03
8.004285862150000153e-01 2.371427919580000043e-01 4.713722237750000204e+03
7.895056606720000092e-01 2.221193280780000001e-01 4.662109466439999778e+03
7.236615752139999858e-01 1.481003115579999918e-01 4.367141514009999810e+03
1.290652717399999982e+00 2.358014951239999935e+00 6.359776651670000319e+03
9.183507994399999763e-01 4.615440882940000100e-01 5.267093177550000291e+03
1.882254845879999916e+00 1.251133115300000043e+01 8.609576826430000438e+03
1.560779349029999929e+00 5.570874026350000285e+00 7.304056793450000441e+03
1.652605698929999978e+00 7.158953100089999744e+00 7.685559854479999558e+03
1.041155909880000063e+00 8.505144733370000321e-01 5.735895541419999972e+03
5.397808732900000184e-01 4.735396809310000316e-02 3.818328676569999971e+03
8.058768431759999462e-01 2.449582626450000078e-01 4.739615824440000324e+03
1.862577555849999955e+00 1.196718971890000027e+01 8.533773276730000362e+03
1.356777909909999913e+00 2.967827743890000036e+00 6.547352285959999790e+03
5.381410015240000178e-01 4.690809965420000144e-02 3.815489938860000166e+03
3.834277053099999777e-01 2.079251564870000096e-02 3.645894337440000072e+03
6.071890465070000076e-01 7.101809527850000414e-02 3.965336175540000113e+03
1.220384890150000068e+00 1.816192489559999901e+00 6.189916596129999562e+03
1.348328588059999888e-01 2.200617201479999983e-03 3.016703028330000052e+03
7.551742555249999489e-01 1.801815815829999889e-01 4.504040482749999683e+03
1.745815828080000021e+00 9.078045257739999485e+00 8.069905278189999990e+03
7.810617673959999729e-01 2.110788423830000093e-01 4.622573042279999754e+03
1.319412357780000100e+00 2.610760808050000215e+00 6.437429199559999688e+03
3.580860445549999826e-01 1.822368008229999919e-02 3.622067613889999848e+03
6.570259182340000281e-01 9.715702651749999474e-02 4.114738375789999736e+03
1.271536358979999948e+00 2.200242494049999831e+00 6.311160609270000350e+03
6.260524388089999670e-01 7.989722546159999661e-02 4.017728570729999774e+03
1.459052156050000049e+00 4.125920858959999826e+00 6.900001577109999744e+03
1.630190974690000072e+00 6.744770221929999643e+00 7.592178961270000400e+03
4.625253302189999971e-01 3.104599341470000093e-02 3.715285260829999970e+03
6.552822968179999874e-01 9.608903988139999575e-02 4.108917833229999815e+03
3.534262569220000261e-01 1.777523920879999983e-02 3.617267661750000116e+03
5.687723081009999682e+00 1.163079529169999887e+03 1.726676703859999907e+04
1.243579733610000071e+00 1.983638781490000058e+00 6.243611120100000335e+03
6.818320965839999914e+00 2.879708855769999900e+03 1.816781916560000172e+04
9.784300845619999798e-01 6.287395112829999855e-01 5.515810113710000223e+03
4.561914340909999921e-01 3.004743066239999941e-02 3.709052761269999792e+03
5.167302694040000199e-01 4.154118723430000326e-02 3.781317840709999928e+03
2.361418888869999955e-01 8.089331167360000810e-03 3.410578611779999846e+03
7.068118798360000232e-01 1.332027010819999968e-01 4.298138544110000112e+03
1.813556606049999909e+00 1.068494540580000063e+01 8.341876926409999214e+03
6.458424228150000390e-01 9.051347980120000303e-02 4.078145388859999912e+03
1.208711109560000052e+00 1.735981172980000098e+00 6.163392407940000339e+03
7.325656479359999862e-01 1.565879105219999956e-01 4.404853961490000074e+03
6.031418800150000203e-01 6.925853783660000651e-02 3.954754304739999952e+03
5.330895000549999985e-01 4.556704967450000282e-02 3.806948524209999960e+03
2.314416731340000144e+00 2.952124784409999947e+01 1.012002735319999920e+04
3.211008057829999873e-01 1.482591206839999932e-02 3.578775446669999837e+03
3.252138878920000087e-01 1.518720791350000078e-02 3.584257487679999940e+03
5.807710951800000299e-01 6.038059734049999738e-02 3.900408049340000161e+03
2.690775868959999761e-01 1.054224029129999934e-02 3.489905173009999999e+03
7.879953963750000456e-01 2.201084683950000065e-01 4.655012448450000193e+03
8.276414088860000184e-01 2.784120569490000086e-01 4.843683682359999693e+03
1.547687791820000047e+00 5.367163217729999936e+00 7.250350833720000082e+03
1.545365925030000032e+00 5.331600880579999924e+00 7.240861108209999657e+03
6.484181379419999836e-01 9.200072721360000316e-02 4.086417484099999911e+03
4.055052047300000129e-01 2.325167353009999910e-02 3.664725211439999839e+03
8.874044516129999671e-01 3.904732775390000188e-01 5.126996075099999871e+03
4.900892622579999802e-01 3.590087381419999890e-02 3.745642322289999811e+03
7.859351949509999491e-01 2.173909453940000014e-01 4.645348503180000080e+03
2.277881711590000080e+00 2.766077010209999898e+01 1.000234016829999928e+04
2.387782421639999875e+00 3.352649925549999921e+01 1.035166750339999999e+04
