1
 8 0 0 0 0 0 0
 0 0.02 37.5768 38.1721 8.37401 8.10826 2.31109 498.971 498.971 3.54087 4.51492 -1.98032 -4.55698 0 0 0
1
 18 0 0 0 0 0 0
 0 0.02 37.5768 0 8.37401 1.23502 1.23502 2.02481e-05 2.02481e-05 6.91528 3.22918 -18.1096 14.7866 0 12 0.1
1
 18 0 0 0 0 0 0
 0 0.02 37.5768 0 8.37401 1.23502 1.23502 2.02481e-05 2.02481e-05 6.91528 3.22918 -18.1096 14.7866 0 12 0.1
1
 8 0 0 0 0 0 0
 0 0.02 45.6705 46.1248 7.66568 7.09102 1.38 974.647 974.647 3.48911 4.88942 -3.05772 -4.41582 0 0 0
1
 18 0 0 0 0 0 0
 0 0.02 45.6705 0 7.66568 1.25143 1.25143 2.01592e-05 2.01592e-05 6.91512 3.22472 -18.1086 14.7968 0 12 0.1
1
 18 0 0 0 0 0 0
 0 0.02 45.6705 0 7.66568 1.25143 1.25143 2.01592e-05 2.01592e-05 6.91512 3.22472 -18.1086 14.7968 0 12 0.1
1
 14 0 0 0 0 0 0
 0 0.02 53.6539 0 7.1254 1.30221 1.30221 0.00312954 0.00312954 5.41395 1.60206 -8.72634 9.47119 0 0 0
1
 8 0 0 0 0 0 0
 0 0.02 37.5768 38.1721 8.37401 8.10826 2.31109 498.971 498.971 3.54087 4.51492 -1.98032 -4.55698 0 0 0
1
 18 0 0 0 0 0 0
 0 0.02 37.5768 0 8.37401 1.23502 1.23502 2.02481e-05 2.02481e-05 6.91528 3.22918 -18.1096 14.7866 0 12 0.1
1
 18 0 0 0 0 0 0
 0 0.02 37.5768 0 8.37401 1.23502 1.23502 2.02481e-05 2.02481e-05 6.91528 3.22918 -18.1096 14.7866 0 12 0.1
1
 8 0 0 0 0 0 0
 0 0.02 45.6705 46.1248 7.66568 7.09102 1.38 974.647 974.647 3.48911 4.88942 -3.05772 -4.41582 0 0 0
1
 18 0 0 0 0 0 0
 0 0.02 45.6705 0 7.66568 1.25143 1.25143 2.01592e-05 2.01592e-05 6.91512 3.22472 -18.1086 14.7968 0 12 0.1
1
 18 0 0 0 0 0 0
 0 0.02 45.6705 0 7.66568 1.25143 1.25143 2.01592e-05 2.01592e-05 6.91512 3.22472 -18.1086 14.7968 0 12 0.1
1
 14 0 0 0 0 0 0
 0 0.02 53.6539 0 7.1254 1.30221 1.30221 0.00312954 0.00312954 5.41395 1.60206 -8.72634 9.47119 0 0 0
