4.265007830373669434e+11
4.265007830373669434e+11
4.273322662117615967e+11
4.280398356271459961e+11
4.285979695232825317e+11
4.289806025673724976e+11
4.291157981555596924e+11
4.288880738444583740e+11
4.281137075424124756e+11
4.263499077794750977e+11
4.229264708637499390e+11
4.163928358248270264e+11
4.045764950301953735e+11
3.853737398459124146e+11
3.627632065769794922e+11
3.445279688592168579e+11
3.333430172087161865e+11
3.273461161085976562e+11
3.240868078120001831e+11
3.223332854770206909e+11
3.214200003051063843e+11
3.209964959183175659e+11
3.208950451000833740e+11
3.209873938373399048e+11
3.212251489126107178e+11
3.215726997400121460e+11
3.219899111264783325e+11
3.225421800704284668e+11
3.232147753987008667e+11
3.240703835265384521e+11
3.252397303861171875e+11
3.268960609386614990e+11
