0.000000000000000000e+00
-1.110223024625156540e-16
-4.514725289820553655e-03
-9.202009566040780797e-03
-1.403224832327754079e-02
-1.897959757509626311e-02
-2.402338545808180292e-02
-2.914077757253585865e-02
-3.430896605947764133e-02
-3.951518185543356765e-02
-4.473218713448678940e-02
-4.994429793532262352e-02
-5.513612023274050422e-02
-6.027500236985594562e-02
-6.534504172626398599e-02
-7.032857930881453168e-02
-7.518538645404837517e-02
-7.990154451151731951e-02
-8.450152604127270095e-02
-8.895721546478829733e-02
-1.021466634215006941e-01
-1.059761116654857060e-01
-1.096056899646302707e-01
-1.129261555050170562e-01
-1.240741314170662468e-01
-1.267563661476716064e-01
-1.291274016267928149e-01
-1.311664547596170793e-01
-1.400994799923458434e-01
-1.414450865296517090e-01
-1.424596288985444659e-01
-1.431477211990107579e-01
0.000000000000000000e+00
