1.349588338732899892e-04
5.106955385631167940e-05
6.997741579724073464e-03
6.856271144216195997e-04
1.981422645499660573e-01
1.875929640577326998e-03
5.465099528664365061e-04
5.484282523633898440e-04
8.676538035517269163e-05
2.761925725351596639e-03
2.534633433355877770e-03
1.572208587732141713e-02
1.795332156280435548e-04
3.713042325706231682e-04
5.607524754435176456e-05
3.835603453150888270e-04
8.905395508514057012e-04
5.622663610239961862e+00
4.356935672990402270e-03
1.336149402753189150e-02
4.715186945820575405e-04
1.008997066132239580e-04
2.876355403677595510e-04
2.870674707749976064e-04
2.552350812507163651e-03
5.229677493561744927e-04
3.961657834587298255e-02
1.714489859424673455e+02
5.290817263818235446e-04
6.676481640913714197e-03
4.513295169719430851e-03
1.686125294624547051e-04
2.598593172310316168e-01
1.766450127303676094e-04
8.797152704293974626e-03
5.436919924046043585e-04
6.129723907018636963e-04
1.060044941095468918e-03
4.737959668808995606e-02
9.613982204265047126e-05
2.907185381684591617e-05
7.573742249213827370e-04
2.958498845759321828e-05
5.767512297160319601e-03
1.084713133754895871e-02
3.711154923817071988e-02
9.350925550677433723e-03
2.380513562293185559e-01
9.730899698915140492e-03
7.721223187275434441e-01
1.664744398518146174e-04
1.420808872133876152e-03
1.022167039965645017e+03
5.487554642458357737e-03
6.965124281008759632e-02
1.851547045841284915e-05
5.743013820596491736e-02
6.275287629400918589e-03
1.336461557685949500e-04
1.680775701624260312e-05
2.949211576456517588e-04
2.309767707100843226e-01
4.917033331329516248e-03
2.811418860208961812e-01
9.985637919727706219e-04
8.019124180707848382e-01
1.112892296301226051e-03
1.846407605131915059e-04
1.089075282672103637e-04
9.693556623414879141e+02
4.980076075319595993e-04
1.195626656394046573e-04
1.143526484793143944e-05
3.575700588691208210e-04
9.549293445821778470e-02
1.795678356271876788e-03
3.704712227273251630e-03
3.305276413769493438e-01
1.551560926146536637e-03
2.530552165399072018e-02
4.663155102392164617e-04
2.439953058262481633e+01
4.299506500375968311e-05
7.910736205633797993e-03
4.626036212959421835e-03
1.642173951021916897e-04
6.987523865777763759e-04
4.330959829241808902e-04
5.398093693788341279e-05
2.583953579023329228e-03
9.108854680359380609e+02
2.151705183374835566e-03
1.943216468772043315e-03
2.247269831952459243e-05
9.500984000394931725e-05
1.555584106155921340e-03
8.133701649553736956e+01
6.571957025734563584e-02
5.187722433076807785e-04
1.912553551447431117e-03
2.048462691738243101e-03
5.661503316713996196e-03
5.776183771255052717e-03
1.426278238630333470e-02
1.655982619689670633e-05
1.293172212419423150e+00
3.755636644064725972e-05
1.213277065255110145e-03
2.828325021344917922e-01
1.309350972254386515e-03
3.386472724962686579e-05
2.299784866634743978e-04
2.470438928342207942e-03
4.913466284016453165e-05
8.661485554238775334e-04
4.827664993933297819e-04
1.822885296939355526e-02
6.662506172625598988e-05
5.542993798448498689e-03
7.788719207912158347e-04
2.641036989284144872e-03
1.868017296246487872e-04
3.112183443529077317e-03
5.156241183609106861e-03
3.765716927470176106e-05
1.995402882130801678e-02
4.360435162400613102e-02
3.381878912850906600e-05
2.962941538084057965e-03
2.766496777234696541e-03
1.257499119049387220e-05
5.258905975764173804e-04
9.062004972935680414e+00
2.088974896264933750e-03
6.375284272289799548e-01
5.226891631812586626e-03
1.777634631601450485e-05
4.228445801824776959e-05
7.730929295530278300e-03
2.075860957198586570e-03
8.243185868621265397e-05
3.216836857661737031e-03
1.737107082017967305e-02
1.014903313978338106e-02
2.644834581432595308e-04
2.909720409078511271e-04
8.101037412219236344e+00
9.051588673742158586e-02
4.495232787122358117e-04
1.989651286441466299e-02
1.217128038707212666e-04
1.724185009009582183e-04
1.483912581661633292e-04
4.903495211147817828e-05
3.708092004141419484e-02
2.472972906801340978e-03
2.927035724526727274e-04
3.216358834690130619e-02
1.612922338275789638e-02
5.899208917502669078e-05
4.059768473192607550e-03
7.707848768798117832e-03
7.318823045788402926e-03
7.795759130719879561e-03
1.318836224223760207e-04
4.397797096359315656e-04
2.898856162711806184e-02
1.295749704704431127e-01
3.412396011254819825e-04
1.589066655763956057e-05
4.200754959421164336e-02
6.508985443907885395e-04
4.839387075447652365e-04
5.416090588745113565e-04
8.240592425002684880e-04
6.555090059631350167e-04
2.260261144236714106e-03
4.307717028464974461e-05
1.206098691506607068e+01
7.922506786780144639e-01
6.898728452439896186e-01
7.094377961109861463e-02
4.617135686050701134e-03
2.145056048343044197e-04
2.658947011915230906e-05
5.769950406069275977e-05
4.668080171828729429e-04
1.459910480095045560e-03
7.641594864060213013e+02
9.327743751953767584e-04
1.682639141478761962e-03
6.142256850190014328e-03
1.477171929548744993e-04
6.217160247196279466e-01
1.734570795718445944e-03
3.339010600003810745e-04
7.231066677312071311e-01
3.509860455866041160e-03
1.275178478000415583e-03
2.497518125661860912e-03
9.730995267297761278e-03
1.127015223761413569e-04
4.777622214925227040e-02
3.817777957491780949e+00
2.269563567530956307e-03
5.518945217031876772e-03
4.207736777825752533e-02
6.420518127466149456e-04
6.460985446931671277e+02
5.439161052459872032e-03
8.678909692032985230e-04
5.299802555489766323e-03
1.648550748876635112e-03
6.793892891685252217e-05
1.511178012511705041e-02
2.227007661588197018e-03
1.510892699219362929e-02
1.131583619834553120e-04
1.851115997939980834e-03
1.149021621637679250e-02
1.615243613568922854e+02
8.254854909906580995e-02
4.718636876122493662e-02
2.672608634931072707e-04
2.513479779325877503e-02
1.316450627504949086e-04
1.744678545930428517e-04
6.661192285344729586e-05
3.980935920851157855e-02
6.501444039898389383e-05
9.380523020763192909e-05
2.638966565823378245e-04
2.364619979119810065e-03
7.282989659838469410e-02
8.371503595922280029e-04
1.957350765898581597e-03
1.279092005938515587e-04
3.089214487487427336e-04
8.934781244941787865e-05
7.950549097056549977e-04
2.692028399833006937e-03
3.535569336921684904e-04
3.023530090847789328e-02
4.079035037190786284e+01
7.566664457600909440e-05
1.420741246009281661e-05
1.426067568755762065e-02
1.626163648780200538e-04
5.628402519569533462e-04
7.220304205748543725e-04
2.411679167090871601e-01
4.562382518071066324e-03
2.259847351876153725e-05
1.326971414101670744e-05
1.768506206422881485e-04
4.490242376419307266e-04
1.282256101626722293e-03
2.505129312135267669e-02
4.389806073730813558e-04
6.487348756952824409e-04
4.835408109829546414e-04
1.158779730325454049e-05
2.741983842503998847e+00
9.476529099746580707e-05
3.630490027436922089e-04
8.458907819761096996e-05
1.334690135507048429e-03
5.956651785020953271e-01
5.879203905650512972e-05
9.656389345697464609e-04
1.567357065580559622e-05
1.195147956606499619e-02
3.967873285151552777e-03
6.380907665631509879e-03
1.183166687511920693e-03
1.541581614633772968e-01
7.932799580794826439e-04
1.564817605141501393e-03
6.149045939379129723e-03
1.635892334364811998e-03
1.605971923571559816e-04
4.457100708613760524e-04
5.234116750740319739e-05
9.162267823891135851e-04
3.104853483084671524e-03
7.414944462515613509e-05
3.651976519684574374e-03
1.077127527671872392e-01
5.105742400104679559e-04
2.162293911485261590e-04
1.081845541947257516e-01
5.979647347132230339e-03
6.261056113172630154e-05
7.862258673359409037e-04
5.160948330938341239e-03
2.394417065740975410e-03
3.328740717504834797e-03
2.271786625405586291e-03
1.543297229189710337e-02
4.558604263817886979e-04
6.872177543469503921e-03
3.499123468135401822e+02
7.034981034331740189e-04
1.443376291778858747e-02
2.643699511616582004e-04
3.481088697171078701e-04
7.112896995918130960e-01
1.689824602596862689e-05
2.077312730858745047e-04
1.268692697499752917e-03
7.564762548774664214e-04
3.612111006087038306e-03
1.658628351423785570e-04
3.784521405703490226e-05
6.213379087716727322e-04
1.679260928975525105e-03
2.189298968443083217e-03
2.925501048032868538e-03
1.990537570301988482e-03
2.636088452563222656e-04
1.127371173857468975e-02
4.907704998507586358e-05
1.748680834458092700e-04
8.987458989332185871e-03
3.425953772267987976e-04
1.361103828507838082e-03
4.767950420507704361e-04
1.490890671967221373e-03
5.404370664437872698e-04
1.161273899466012381e+03
5.781218898470583600e-04
3.553403984176396746e-03
9.320263173036401338e-02
3.866916289068916563e-03
2.250923025422415635e-03
2.306460233033851958e-03
1.388650764299441398e-03
1.691895172010475165e-02
2.703764585283095203e-05
8.440360836757697383e-02
2.612756957637166980e-03
3.232752287305098310e-02
1.198481164976647611e-05
5.370634984416492591e-02
7.565035408053642535e-05
7.666903478419924423e-03
8.282990208345882921e-04
5.464762330886802945e-03
3.584839765470986331e-03
1.238524291741249555e-04
1.570485639909346151e-03
3.363271834942485844e-04
2.164838767942098893e-03
8.878817847986513259e-03
4.460115262571165206e-05
1.582881731262495394e-03
3.305491707222090163e-03
3.836290533914185879e-04
2.343364002452708039e+00
1.632992709013244160e-03
1.503294250046875746e-04
6.461845960752361318e-05
1.894538248583643334e-03
6.437000992644201225e-04
1.655880657359175647e-04
1.862962151557167833e-05
2.263023657900504765e-03
2.862801590797220495e-03
9.785466710012211990e-05
2.930871949170993796e-03
2.182342366290737079e+00
2.900284684068666863e+01
9.364071794801925863e-02
1.683662928760671848e-02
1.933923967926757506e-04
1.150318410160122880e-04
9.909113993944000665e-04
3.356473389477934288e-03
3.371945533054159644e-02
2.353186294507632532e-04
1.241511142220794216e-03
4.166857785516243570e-03
9.950132514287080357e-04
1.051495720290481937e-03
2.220451528624121603e-04
1.104774553804313513e+02
1.205581445431748618e-03
1.779878990218909185e-03
2.097991817459531278e-04
1.565370234882985196e-03
2.845582795930173261e-04
1.814252694214984628e-04
3.325757431047480302e-04
9.961808413439177251e-06
2.321911725102053341e-03
6.929960614089412767e-04
1.309077550434746273e-01
2.264011222063321742e-05
2.371991057225411446e-05
8.634157575057609113e-02
8.192882323166174611e-05
9.813162996238406253e-06
1.450816148353950281e-04
1.986121506280856194e-02
1.613971112519985152e-02
5.185172723640248029e-04
4.912972534472486927e-03
1.493610834873960362e-03
1.622853437971041868e-01
3.001305402257643993e-05
1.786945140081901834e-02
1.334324158669802083e-04
7.106419153929388870e-04
1.646637311045715554e-04
6.539739190032378864e-03
5.342891402892797903e-03
1.979791124784987307e-03
6.299039070501263882e-03
3.916537177774201059e-03
1.258181547330193724e-02
2.503291176958154771e-04
8.950928839333741971e-04
1.091858146599830875e-04
8.989390811463565277e-04
6.488992792806715960e-03
5.952099601997717059e-03
6.928853682311936560e-03
4.212382540502653569e-04
4.687680081542270824e-03
6.143964834636614835e-04
1.356419245591780509e+00
5.293100178410241894e-04
2.959176005917501292e-03
9.893252100108168232e-03
1.726359746911617643e-01
9.475887539309674288e-04
5.888919538439462342e-04
9.014038076232313689e-04
4.658922411259399927e-04
4.386808209695328663e-03
6.172749942649985444e-01
8.136212684935398959e-05
2.172388870253708429e-03
1.263190678781762610e-01
5.832621397880654007e-05
1.364682351559327531e-03
4.827313306716173730e-02
1.391857561771354945e-01
1.567678073943953474e-03
1.655317514078776287e-05
6.281362173049543903e-05
2.620952615436621981e-03
7.920053908266140499e-05
1.065671379364995414e-04
1.208689670172551599e-02
9.941934134538034720e-03
2.806179524037901579e-02
6.289349588716367065e-05
1.745283125315931277e-04
2.241073761436835829e-02
7.658262370663034870e-03
1.665415259316811725e-02
2.354890857682028127e+02
4.728627719875388991e-02
1.634796302228939133e-03
4.270521936254419366e-04
2.313941563570023462e-03
3.886666635835474108e-03
5.027011960146920370e-04
1.195576509540674515e-02
5.268103928729301580e-05
1.293284088078767470e-02
1.912184688239980130e-05
1.402774449623416485e-03
4.380547579250208823e-02
4.817293721321426144e-05
1.604475718396078041e-03
1.187255503959310605e-04
1.148281445259508593e-01
2.209904085853925046e-02
6.678182888065723466e-01
6.277970416854400382e-02
8.765860288898396843e-03
1.538511412500874606e-04
4.033681574185972864e-04
1.392335752738377676e-03
2.663506975232331903e-03
1.327518187968439872e-02
2.255679515030102568e-04
8.355595677189009028e-05
1.266084549226934117e-03
1.167793278311223031e-04
6.069728111018580542e-03
2.416271121870978804e-03
9.126334752941564835e-03
3.375365456981010477e-05
5.978218012594328279e+00
9.290981721426898400e-06
4.713085769775353373e-04
5.400571408772021284e-03
2.458387272191421436e-05
4.600583661272006385e-05
4.162536747392849940e-05
2.522432344191465926e-03
1.191619501075377174e-01
2.088769584711188190e-03
2.971502077650383083e-03
5.382122186789902157e-04
1.448616556048436892e-05
1.542010013232473551e-05
9.310569430205456465e-02
6.029576852176419659e-05
1.340786217093455198e+05
1.251887918076415702e-04
5.183943859504228091e-03
1.786661329503192563e+00
5.954153669574429111e-04
8.603652440088890505e-03
5.548683480708306495e-04
4.102633260532251758e-04
1.805398628988751704e-04
1.928923120655451004e-02
2.891414463367975203e-04
3.513396147189675064e-04
3.274720960734939581e+04
4.771487028849086894e-04
8.612625837152751256e-04
2.570237894762952351e+02
6.212145823175213837e-04
6.095407153154214740e-04
2.063716783337205332e-02
4.304535179994340029e-04
2.389388385817196165e-04
8.636153225571061107e-04
6.431740060043353996e-03
2.373870263654391042e-05
6.386201916110907173e-04
5.390388452463102656e-04
2.616266673595760129e-04
4.399504691455005494e-03
3.691785482096066788e-04
3.043067010448827128e-03
1.464401863305077756e-03
2.072991420149542755e-04
3.103882109910587007e-04
1.334343017304280067e-04
3.011871829670902716e-05
3.345107143123694261e-03
5.106514699823807776e-03
1.272615573361890679e-04
3.249561331707679756e-03
4.671653854883820145e+01
4.019324885706001280e-05
1.333155572079122286e-03
8.498804010560738476e-03
2.497624633065889674e-05
1.279837549546628331e-02
3.492223301607292996e+01
4.957962562736695027e-05
1.953870523169765061e-02
6.567512907745175427e-04
1.004502769458069742e-04
1.358552020728965052e-03
3.842835982780725844e-05
1.653344893494708293e-03
1.468304111458258897e-05
8.175666276059046986e-03
1.311977190190021045e-03
1.084238817392694501e-03
1.713735522697332279e-04
5.916994032155150143e-04
1.493771521250770919e-04
8.676434134070412987e-03
1.759625478252025126e-04
3.283450889534172707e-03
3.422956968216225404e-04
4.495132898194803030e-03
1.878565343170686538e-03
8.648512922203119985e-04
5.115346082386674521e-03
8.241906781177699799e-04
1.937275505826471442e-02
8.246475004678390994e-03
1.880995626579308293e-03
6.657018775105984221e-02
2.087583412580785308e-02
1.768724866794243534e-03
3.660524657941336085e-05
2.253183256698752281e-03
5.702531631242986317e-04
1.874058414068543402e-03
4.156670901081381715e-03
4.082186180843422503e-03
5.137202403714799005e-03
5.384360029122498177e-03
6.589221921018620235e-05
1.642811370784725232e-04
3.650671511910914997e-03
7.865193543912230283e-04
1.109997503800977565e-02
8.022233209301999973e-05
1.639856516687921535e-04
2.134459579344456098e-03
1.429311932276708039e-03
3.099883080636567519e-04
7.873497243411401413e-04
2.028320207891644154e-05
2.111034948967376599e-05
5.430867951102292548e-05
2.436833818831845005e-03
4.642373043182546066e-02
2.956013394847773574e-04
1.987260875602876958e-05
6.881820505948544643e-03
3.768928510998886122e-02
9.387157370790598018e-05
6.857636657324780831e-04
1.179010637496922062e-04
6.341309945248873583e-05
4.190920251972877347e-03
7.858541118089728883e+00
5.335863453378050097e-03
7.578521517701355492e+01
9.266055454393407704e-04
1.272766677042473094e-01
1.860425335342911341e-04
7.357068922057975302e-05
6.534528583302409363e-03
6.291121194313048287e-04
4.475647576580419501e-04
5.044233796378074994e-03
4.967863373779241379e-04
2.362829440476311126e-03
3.948579898439823102e-04
1.347288664774030052e-02
4.317987063030725623e-04
1.808066582600415710e-03
1.594368688630820436e-05
1.452766713089222346e-02
3.374668030252972375e-03
1.651018835673387776e-04
2.040131286137185384e-04
3.008382554034224731e-04
2.432172059687816995e-03
1.985669703796909442e-03
3.279907919703363255e-04
6.086260577771303477e-03
9.526762011223527393e-02
2.385876939779584167e-05
8.317879625181540029e-04
2.756406349379116657e-03
2.615514028344978915e-03
1.474046943235323542e-05
1.954818104705114030e-04
3.287166769883676968e-05
2.302049700669223618e-03
4.099962537438828214e-03
1.191688476737702692e-04
4.952636426282271262e-04
4.850172634443500699e-04
1.907404087806352858e-02
1.689255019900547485e-04
1.985638600152375786e-03
1.336922268919184080e-02
2.075447233357381738e-02
4.855090037217369217e-03
3.950594726383391242e-04
1.969793598905711374e-02
9.212508709012742075e-03
6.643134060464139096e-03
3.595918804994620581e-05
2.374831954967609809e-05
6.152963341003412148e-03
1.381033181066650739e+00
1.226811568375708872e-02
2.166661716228214171e-02
1.939412182011959057e-03
4.092549793811181514e-04
5.317148612995995817e-03
7.080926527099242265e-03
5.214662888180818939e-03
1.550912324466190650e+00
6.133329399395307923e-04
2.219531554650817337e-05
1.602376311035543788e-01
1.201292904385903749e-04
6.254520228049450375e-03
5.975456321480973609e-02
4.252251257387865656e-04
2.115172708838176235e-02
4.922045289938640046e-04
1.488154842000988069e-02
3.741858777009427373e-05
4.433147021957533143e-03
5.291135110955100772e-03
1.342584158264852794e-03
5.743179423707426082e-03
3.457192926400491917e-01
8.560002577877199800e-03
4.426129793040748162e+00
1.014431816336531242e-03
1.725640037792961325e-03
3.037383987468250126e-04
8.849221917873641985e+01
2.935770888082648919e-05
5.821990796050880790e-04
3.900028547899487543e-04
6.889427055166486881e-04
2.558615091128140784e-01
6.165159869618537037e-04
2.460055615706590870e-01
8.643110891100994932e-04
3.716199261993800851e-02
1.649346807924836292e-03
4.287610860128869138e-04
1.019242158000294336e-03
8.699733270692398693e-04
2.948924883741439631e-04
3.682469878468551763e-04
1.562035028608343209e-04
5.049404768160412407e-04
3.481735691881369162e-03
6.891365499659632020e-04
7.102288928664344213e-03
1.184559586794875656e+02
6.509346679012203724e-04
1.110575592382451182e-03
1.247808512949161598e-04
7.132169165626113137e-04
8.049796374201886179e-03
2.076902224565665533e-04
1.496481959584602343e-04
6.481030985440204084e-04
1.885782442556231328e-02
3.461743262867529158e-03
3.278574811910760278e+00
1.611335731049715059e-01
1.086020743790578323e-04
2.343628988192387536e-05
7.438128447549534339e-04
1.653095000867791124e-03
1.580803985704283370e-03
8.953815900720297561e-05
8.013266460147755465e-05
2.536554550944464855e-05
3.386311095179653924e-02
1.654168842662085526e+00
7.154132895087828080e-05
1.999886532517036362e-04
5.056585044312512342e-05
6.741294246613339924e-02
3.581482823175464514e+00
2.992251183949394371e-04
4.064160592994468563e-04
5.967968322608469597e-04
1.445965832193492513e-03
5.527597747937974988e-03
1.464934791606526407e-03
2.043548632004450027e+00
5.815114905239432782e-05
1.551376526953245766e-02
5.000131027395961257e-04
6.526831036755223079e-04
6.893684702250908215e-03
4.994324675439107408e-01
7.342343160518217081e-03
1.251393982042316340e-02
9.949728045734121049e-03
4.575430866177253417e-04
1.051775531041081006e-02
1.356994948950090638e-02
1.788066427931924319e-03
1.830477832412198257e-03
1.078764327781608391e-02
1.855898221743283727e-02
5.088426898710004045e-04
1.596134518057765878e-02
1.805089441519209734e-02
2.396170888093124632e-04
7.389840189112718491e-03
1.563244018696264193e-04
5.290031948745671839e-05
2.397193288648702750e-03
1.618421434337207476e-01
2.047339773508038711e-05
2.038828086920198984e-02
1.485739435137092617e-03
4.321220977684848280e-02
2.852202526002137889e-02
6.331733603100150876e-02
1.173041294189921396e-02
2.820446156005706681e-02
1.409622786360205978e-04
4.071775977959895708e-04
2.567179226388880894e-04
9.234010657371264155e-03
1.116131469443464513e-04
1.499035683751774129e-04
7.030456002262805426e-02
6.723167869835461850e-03
6.348304524623971101e-02
9.515723866437219788e-05
7.432922097665209914e-04
3.513216512444955388e-04
1.178578439512683569e-05
3.548570895801896551e-04
6.607207606721622519e-04
5.228593365989522455e-05
2.261185878845458404e-03
6.751724243609502759e-04
2.518260454153348205e-05
6.615621836577384972e-03
8.223540171774415541e-03
2.319492154659796856e-02
1.290944747905952480e-03
8.813023265532718753e+00
2.115148133468761904e-01
2.028886384001346924e-03
9.909388101320135752e-04
1.003042440243536385e-05
7.022114293019495260e-03
2.236317047183904172e-03
8.546401776733585365e-01
2.771041155043082668e-03
6.522221767828865495e+02
3.632399647364798617e-02
2.443293710884399950e+00
4.782555195577773018e-04
1.064709758969956761e-04
1.525807209125016987e-02
1.378598413509998268e-02
1.970307430778095730e-04
1.129385339086271846e-02
2.531030020474439937e-03
6.610168123005509620e-05
1.439337305756570188e-03
5.577455672011011334e-01
1.485601691250568960e-03
1.411579428853424953e-02
1.796611668411590183e-05
8.137930083579977825e-03
1.563250183215173506e+00
1.417601626602048130e-03
5.105288940166936851e-04
4.140944398544978838e-03
2.369303386087627528e-01
1.420164574365325176e-04
7.651093441978689194e-04
1.148527548854509194e-04
1.390457269382066891e-03
1.878130656452614913e-03
1.333497823232189461e+00
8.079413025663037800e-04
2.268858106705443425e-03
8.474523266893123352e-02
4.588464725617542178e-04
5.164076011299186496e-03
1.053984097245265830e-02
4.873194885750492880e-04
1.250823980811208754e-04
1.450329221471177103e-03
5.757194957223468875e-04
3.101428228977519603e-04
1.505942420146871186e+01
1.442933166547568464e-03
3.873382234219221315e-02
1.699740721250035972e-04
9.780050349023519107e-01
1.490620566078961449e-02
1.710298355412073756e-02
7.026697085542045170e-04
1.291771965739023625e-03
2.753011343737333822e-03
1.425913841963009562e-02
3.246610703507998852e-02
4.249805569166248908e-05
1.583477806975721880e-01
8.518069578321878499e-01
2.743475761117972461e-03
1.566521796648796437e-04
1.881416059637931737e-02
1.989488925729598207e-03
1.858930400027641178e-02
1.815741953756069837e-02
4.833678867378581040e-05
3.049729775889475220e-03
1.270574567582479506e-03
1.495827328980724236e+00
3.871055950856413554e-04
1.875983569930978184e-04
1.239264782596624370e-01
1.057433095631168062e-04
5.716057701020700772e-03
3.964259720119779054e-04
2.283483741885648614e-03
3.270107968608692781e-03
8.326827083175140790e-04
1.828268764148694103e+01
8.717239384397769257e-05
7.096837356023394730e-04
9.034920099080888780e-04
3.665017960704850756e-03
7.821008760546915546e-04
5.591938672228461175e-05
1.621910448697547524e+00
8.260227368258311843e-04
5.269863442702842765e-04
1.002221344975065846e-03
2.062204780425234139e-04
5.841117576597089031e-05
1.055829644050954350e-04
1.281286012404661090e-04
1.737634711445968706e-04
8.462440650681404483e-04
3.468193767181949102e-03
3.604242163628354478e-03
9.312905556624833815e-06
3.050758738395384917e-01
1.965892191302301764e-02
5.576775591201404758e+00
5.870968490249108733e-04
4.786312863569099942e-03
1.299496051819135328e-04
1.855937828761167543e-02
1.212376245590426720e-04
4.730022346583143546e-04
1.337292986607407875e-03
2.777224708560825043e-03
2.152397452484485982e-03
5.991064902750491757e-05
8.553643458098161715e-04
3.403645005005418445e-01
5.839692606104214534e-02
2.700977403824283713e-03
2.358822458912370780e-03
6.796837281269179352e-05
1.779859903152762330e-04
2.785368892131620511e-04
1.313954326263203076e-03
8.374315075322514082e-03
1.096860438992880958e-03
8.135230549258349003e-05
9.561765811966465699e-04
1.228643872971361560e-04
9.982713185659955121e-03
1.279243922842812208e-04
1.265445637747382055e-03
6.053362946752166747e-03
2.279562866828600928e-04
4.121278175083002243e-05
2.209821308718313768e-03
2.888789856651927704e-05
2.641387471965162947e-03
1.019638144441928872e-02
4.834713474070716633e-04
1.315300482805696830e-03
4.808371459476550869e-01
1.173683231123933378e-03
4.788530235780307521e+03
1.157346471950175082e-04
6.899818775734065796e-03
4.341460055301406794e-03
5.829507760861097482e-02
5.245107108270880724e-05
3.438108235577503734e-04
8.752972720317237583e-05
6.326821749308922938e-01
8.823666420658743056e-04
1.732941290525905342e-01
3.810213460896504241e-04
8.165530617621550148e-05
3.868209376948044667e-04
2.832470174763206637e-03
2.970486322760161266e-02
6.842839689375237967e-04
2.197347374843502676e-01
2.603869227224513269e-04
6.059791807667364548e-03
8.701179696044048645e-03
3.282344628958596116e-04
1.726407828410356758e-05
6.061763303465583135e-04
2.460822209696616287e-05
1.406682728734569288e-01
2.430783552157055105e+00
8.675655792946615485e-03
8.039434885791783489e-03
2.533988649349659911e-04
3.989798950994582474e-05
1.604505505452409955e-02
2.145144143448233197e-03
5.489784242900658078e-03
1.296287783799927353e-02
7.926760017779215309e-04
1.009380428442511519e-04
1.499260295323582258e-02
1.048598858712616400e-03
2.047460887739881857e-02
9.462096446885731897e-04
2.069838651752598511e-04
1.339869104908392454e-04
9.357550399363610827e-03
2.403244124605968899e-03
7.693991011037272076e-04
1.348800729813320280e-03
2.004365074840278645e-03
2.503492624007706792e-04
6.551109947263770951e-04
3.756405291925794614e-04
6.969734310902945748e-04
1.427521651254214140e-03
1.372267967836003112e-04
7.188852012593753213e-04
6.847136118062255696e-04
3.586996791558531676e-04
1.924024375186291218e+04
3.971402560736692771e-05
4.021994782687846048e-03
1.387326788384085532e-04
2.603863655814096095e-02
2.129485731577288876e-01
7.547615965206923858e-04
1.978274296910248128e-02
2.725550017430239738e-04
9.593827734995698123e-05
4.421400783996445698e-04
5.236442865486681244e-04
7.359469495777652866e-04
6.349721880825692994e-04
8.011084013519037799e-04
6.964763417229107717e-03
2.632432796856483664e-04
1.443351590450716272e-05
1.327027032865347317e-03
1.012345744547093465e-03
3.191943606289016669e-05
8.921754683620288905e-05
1.520985529121066712e-03
2.408691042023450497e-04
6.759824467772379553e-02
1.371365242954664132e-04
1.493038956460810535e-05
1.007637347326019320e-03
9.933695789736572124e+01
3.746339416826287901e-03
5.659345732008049966e-04
1.389779167733406845e-05
1.285876327867550416e-03
1.883930408709000586e-04
4.177207481727071049e-03
2.550347473960139916e-03
3.071959441043395898e-04
3.685998564481256749e-05
1.033736966550564615e-02
2.596854115456970376e-03
2.764621812702606346e-02
2.946313373782209603e-04
4.349873664090945190e-03
7.428917600006911231e-05
3.740282876998167060e-04
4.479247226217905956e-03
2.020171578342292232e-02
4.573809295313740878e-04
1.555075502081522572e-02
5.317826670634971491e-03
5.473418185421897748e-04
6.532845991971984734e-02
1.513840705034011878e-03
4.193516190551082289e-03
1.380939127797204975e-03
1.041560392530325270e-03
3.166031056586958436e-02
3.818276172165440980e-04
2.094419125913374893e-05
7.199129952438408642e-02
2.008968518356835445e-02
6.110471089825717525e-04
1.546932603742738903e-04
5.222152912087598894e-03
4.296068936432860996e-05
8.665655015732133233e-04
4.773163312123062746e-05
2.848065577831569804e-03
1.734939644990730908e-05
3.614030148872474524e-03
5.123886048164946229e-03
1.304788220373671002e-03
1.395292110921586982e-04
5.934607001059710941e-05
4.344620962425334082e-04
1.129284980044994958e-03
3.998585606519950396e-03
9.590339248986609120e-06
7.026275444953478805e-03
7.125943316988609007e-03
9.883204263559655037e-04
5.294446832772558556e-04
2.776274237842904155e-02
1.357847348869959357e-02
5.716102073816985296e+01
6.310799903668559002e-04
1.754016533621190199e-01
4.880968212267815210e-05
8.027056583048378536e-04
1.130517640151739714e-03
9.654999768958516266e-04
3.500344550889275454e-03
1.329005147294889629e-04
4.983697982162157286e-02
2.034840977387258366e-03
1.591987135222468486e-01
9.929949262294799413e-06
3.635067520163801427e-03
8.076542927876888310e-04
1.471981243375210203e-03
9.347783385908289833e-03
2.259373779766023303e-04
1.857296565605309421e-04
6.561515148761143564e-03
1.644985531854600575e-03
2.386455747449917010e-04
1.277963957766240031e-03
1.088593249894782931e-03
5.954741596258918482e-03
9.937275568427028291e-06
2.621794466550716671e-03
3.018994291345328609e-03
9.491029582157689895e-03
9.583780229654016714e-02
9.613033881718958257e-04
5.264722765733644136e-04
6.009181368582860652e-05
5.076662605613472797e-04
3.662684992649058093e-05
1.615625897128177696e-02
1.682478484887717576e-02
8.320004501043575971e-04
2.942680008176101758e-04
7.367751358071818852e-05
3.416464782292704533e-02
6.739967995988474514e-02
3.097338685785544282e-04
3.411678809176337066e-03
2.920147557096983777e-04
2.220631593574986780e-04
1.528560309423257431e-05
2.443371748675039236e-03
1.071843476806535637e-04
1.254969308392325055e-05
6.216020115188920032e-05
4.358712970848202875e-04
4.958257447229399116e-03
1.819036187842304215e-04
9.103975540415763790e-02
3.652078362021593701e-04
4.895444637385620509e-04
2.087340700304302370e-04
2.811165833564087889e-04
4.002764741841412807e-05
3.820071306397808029e-04
4.185122427465351458e-02
5.807059132270440960e-03
6.328432061779634688e-02
6.216668834752572196e-05
1.061192187351886907e-03
2.300073978794092244e-04
7.666743285664172174e-03
1.042800256310907336e+01
1.825608953583921293e-02
2.040125994194242503e-05
4.444776112534880720e-04
1.784530129513563305e-05
2.241047067425233717e-05
4.345196924278396124e-05
3.340764657541774583e-04
4.081675887751332727e-04
7.500326225085842628e-04
7.709552251225832613e-04
1.200801526495622051e-02
9.741112618455732982e-05
1.166534977951512328e-04
3.540802601992383471e-03
2.348865838176926197e-03
1.120520822879916915e-04
3.500342911391415845e-02
4.826594283499611071e-04
6.125500479963361892e-04
8.488895412489275366e-04
4.628256357262428488e-04
2.119097700117803049e-03
6.979206926796485428e-04
2.937958927018735926e-04
1.607477796307334450e-01
4.200336216358463090e-04
6.316311831832173256e-03
5.423839287593298746e-04
9.314550870980652835e-04
2.432698912741793561e-04
1.008950459978594054e-02
8.816287574482589012e-03
1.562838960647750883e-05
3.198841091368391759e-05
3.302546430179190140e-01
9.462732812231357260e-02
1.481874164781771339e-03
1.360046405108637562e-03
1.773777363727375989e-02
9.417211240006033424e-05
4.378943420339223222e-03
1.211863065551979516e-03
9.308459474901401021e-03
1.840687695812654202e-05
2.740179180706334150e-03
2.108116740328711252e-03
2.684394009787705732e-02
5.278080573326096765e-03
7.278777625963404885e-02
9.014743261800846341e-02
7.864786146530149688e-04
9.307426376777888286e-05
3.643398929512448297e-03
6.065598714831479943e-02
4.053659347360632429e-05
2.126206290810254192e-03
7.092201281565779227e-05
1.727340616219230420e-05
5.400596270023485905e-03
5.499830955623963465e-03
2.907235226825798796e-03
4.144209137883661520e-02
4.434764556274593394e-05
6.249886583343848502e-05
4.741320801563445042e-02
1.453934571725726483e-03
3.260033373546119672e-04
8.890888820287523239e-03
1.132704513540443297e-01
5.864197701732938930e-03
1.455556982821148461e-02
3.496444652715465255e-04
3.659644137366895836e-04
4.691264747843949812e-02
3.236483711690525157e-03
2.396912965561191723e-04
1.677018582738817008e-03
5.684961269618440949e-03
2.097804694524162995e-04
4.421264403583128992e-03
2.325876160247298174e-05
4.067207478427322482e-04
5.155992411902049662e-03
1.064863410507345523e-04
2.165397315769980859e-04
7.056631158686954564e-02
5.170704599428163281e-03
1.411797708557763252e-03
1.960551451374014655e-04
5.227628623134134575e-04
2.393486710428122371e-03
1.136491855092129264e-04
1.258842631010808526e-03
7.904259118755077021e-04
1.217497387410178050e-03
6.274844763138371793e-05
6.353009475044260937e-05
5.665010764342720329e+00
3.414620784290773514e+01
8.797623750442565803e-04
1.415547246037239526e-02
4.452586745838105382e-03
7.266312181545563661e-05
3.872078824407304402e-04
4.355229388369704952e-04
2.803049192034131817e-03
2.494241578351701506e-03
3.521961496670819591e-01
1.429579651754353878e-02
3.908529827519365701e-02
1.021323141812195689e-01
1.591747931340567815e-02
4.948460661632031292e-04
2.033652443414701275e-04
2.349295394744922022e-03
5.862493313057368094e-03
6.891774513211794493e-04
3.192744794497015537e-02
4.163898766176981070e+00
2.309239008863546438e-03
1.067898396637821613e-03
2.813599470121078139e-02
1.631721205345500558e-05
8.429550372719685474e-05
2.999903305856636143e-02
8.423833483997014704e-03
8.263188440939763955e-04
9.470176325229051617e-02
5.569556170038861709e-04
3.745547696303054390e-03
3.759830459247934849e-03
1.530189462554983732e-04
3.557078711219252738e-04
2.338038952739015242e-01
1.516559997172733985e-04
1.375283208132465891e-04
1.241245192954098858e-03
5.226950393380079307e-05
1.141081033522272498e-01
5.835363781748793426e-05
3.278549016085988404e-03
5.173568287458531504e-04
1.638474683998358827e-02
2.681583146242616945e-03
6.964759891385131777e-04
6.357465694723666161e+01
3.532514204142904538e-05
2.454587138004091923e-03
2.242298864828571539e+02
5.930400445707061270e-03
9.018686668524492425e-03
1.915723869599607730e-05
1.533681243736334618e-05
2.073447807271240080e-05
4.323204358993065739e+02
3.496904470663863407e+01
5.000967269322063825e-04
3.718163300399576765e-04
1.025493512674956512e-04
4.829152861712039148e-04
6.243896824457607518e-04
9.729303890148000358e-03
4.963044661482722553e-02
9.595464526716545109e-03
4.135214066815046455e-03
1.141409948452485994e-02
8.917698437450544482e-03
1.210003413148946338e-03
5.044547528160954778e-04
3.503708751509753100e-04
5.388199395025460893e-03
3.755891383328463284e+00
2.514027165349713797e-03
1.956994250279044667e-01
1.309584904820691499e-05
1.491178465477773982e-02
3.613622912887985705e-02
3.663508919083502229e-03
6.742056803902811701e-01
2.683614110070375522e-03
2.526617068186529222e-04
2.046325176565314116e-04
2.094730446852266503e-03
1.731294465869164800e-01
3.894277080383474180e-05
2.989865245822762724e-03
1.183133590606950426e-02
7.128526698521900037e-05
7.252850276139107975e-05
6.094522420952510917e-04
3.280336565979182157e-04
1.748034758599130380e-04
1.754222292368314506e-04
8.597734156574025769e-05
3.139416624558245741e-03
5.792670161991669842e-03
6.557546258116092770e-03
1.775074428193121334e-03
2.327530801014287665e+00
7.358420072014157376e-02
3.291713938538645579e+00
6.985466802310735931e-04
6.795646464640199558e-02
1.110231309866533539e-02
5.179894020621687726e-04
6.361074322003547831e-05
5.534903478336479672e-03
9.202136860269592461e-05
3.793139696098246053e-04
1.425620197301846357e-03
5.411571466459168603e-03
4.126472835180050036e-01
2.750673957365073422e-03
5.049671482607981723e-03
4.248539548323672452e-04
5.752790867006337197e-03
9.467561519480469047e-04
3.916520757676243691e-02
7.142389255608134991e-04
1.152098159293652542e-03
9.160778274314505636e-04
1.751340218329622278e-02
2.460865124550333238e+00
4.770415631774878144e-04
1.204270675970761043e-03
6.725681893039977752e-03
1.170125919447029816e-01
1.363177264702522410e-03
6.555974018414403902e-05
6.188708270278564516e-04
2.014676857125880655e-03
8.334886350454932553e-04
1.563573647399179364e-04
2.109054979276954141e-05
5.758327808876722263e-03
6.229714198032662580e+02
2.771638826527205168e-01
5.564631070006307613e-03
2.726863830156789695e-02
2.854050666613760947e-04
3.429371198965843436e-03
3.220828911822677627e-05
6.797877225228412222e-03
1.002202149282796562e+01
4.310569768509849714e-02
1.801094898601896498e-03
1.412130474796301910e-02
1.309819528368119324e+00
2.051745470895132296e-04
1.474042830212497594e-02
3.182233780265918740e-04
6.635616903111092590e-02
5.694206995096973785e-05
1.440827769314947189e-04
7.627133870058111845e-03
1.392069664507423327e-04
1.170453876907440118e-04
2.089215272857988977e-03
2.346944302278726815e-02
3.149133090112585828e-04
2.702370898193523843e-02
1.698044006858022079e-02
2.478380206275887510e-03
4.138076483312626980e-03
2.252684970978032132e-05
6.131720992912129912e-04
3.029362987912756445e-04
1.072579385291883865e-04
7.022194488226361948e-04
5.690095298299743679e-04
8.195699286452055518e-03
2.852040253132280458e-03
2.014234368480511406e-01
1.019184710874749330e-04
3.175074719975112738e-05
1.803194889619738703e-03
9.536246839870464882e-06
1.398553253388342896e-02
1.480725885618599299e-03
1.312815499543133584e-03
5.961657516915866428e-04
6.426801319590858767e-04
9.077082749729366903e-04
1.364043284475680701e-05
4.613909891017887533e-05
1.471472289071471548e-03
1.073978536524986937e-04
1.285693312323674641e-02
3.295192674863280232e-04
5.658788200655270602e-05
2.417914649734320611e-04
5.767726215512014847e-04
2.041657917127073571e-05
9.771338789895705936e-05
4.663571822770229912e-04
4.262128863370523413e-04
1.578164506669598594e-02
2.837642418680808368e-02
1.669597507929325431e-04
7.927927631892120583e-05
3.754801114005229187e-03
1.644045713214008914e-02
5.469568405641192399e+00
1.100113573684865972e-05
8.137911174525823974e-04
8.570018395852233364e-03
2.081259893475207595e-02
3.312014356833887965e-05
5.444223087135788806e-03
3.663955859043618022e-04
4.031440129464922411e-05
1.321920793545931739e-03
1.171692993920619259e-04
8.801066169582349649e-03
9.138817804147485180e-03
2.760894903667129863e-02
6.527654380291322009e-04
1.282366508731111925e-05
2.944846755554292187e-04
1.148638784479427818e-03
6.083666104374812339e-03
6.705756452703147972e-04
1.821437009935691562e-03
1.678197970762106530e-03
1.259217669459807389e-04
3.445611206776726717e-03
9.555863226035186822e-04
1.697470979808640354e-02
5.913568086835941338e-03
6.778804774186449359e-05
1.318890824830293122e-03
6.533110640797036919e-03
4.853498799906217444e-05
1.463393591657452357e-02
2.161759656103451376e-04
1.452048768669417667e-03
1.060948955710832253e+00
2.341921149085046238e-03
8.681942326405820125e-04
1.100077484794963205e-05
8.881215512693074006e-05
2.470387060995492615e-03
1.364313289971664329e-03
6.010205244737280806e-04
3.463546912819512880e-01
4.935653585529715557e-04
1.835539108286215028e-03
2.297860346928260952e-03
1.715828587606799344e-03
1.224724876621421021e-03
5.084116040163676924e-04
1.627104981035182030e-01
1.028799418340699268e-03
1.727534146507809978e-03
4.477060695415310126e-03
3.614465617552737085e-05
1.316423227746390222e-02
1.548041632643387330e-03
4.502135263495118944e-03
1.207515851060676770e-02
6.125335867441325521e-02
7.132391923466824789e-04
1.756604874604179856e-02
2.924319597221068591e-04
4.617482044426435631e-03
6.040507771269386654e-05
1.490047944169783758e-05
5.494356270735055621e-05
4.526856552775641775e-04
1.877871540934391632e-05
3.649264795361592713e-03
4.441326302957030771e-04
8.752166041315510500e-03
2.493348661819290473e-05
2.064124261718331224e-04
7.856991651950348977e-04
6.730520274810866807e-04
8.631464042706074884e-05
1.123294584682846335e+03
3.546415380291124140e-04
7.654586334162956536e-03
2.124999299926294007e-04
6.808894241310368967e-02
6.941661287765846320e-04
1.414068316837903683e-01
5.241812571046148075e-04
1.149957523731728059e-05
1.596586946796358427e-03
1.684289512882033340e-03
7.536563606009261086e-05
2.412963113446970416e-04
1.343974888146668226e-02
2.099554654914259817e-05
1.325665462770694338e-03
1.751200686135826606e-03
5.820937208100270509e-03
2.128116665702916517e-05
2.600344044819623800e-03
1.004635230129013223e-05
3.071126480638054833e-04
1.419097063885570035e-03
1.839444485562140574e-01
8.187454891367886988e-05
1.316556683878249308e-04
4.961751704222088118e-03
6.422483212338176437e-04
3.455473641007562272e-03
8.206968949989337489e+03
1.156946374130751707e+02
5.648255934942305679e-04
1.460328731119980850e-03
1.620190065837847637e-01
5.224759269732199050e-05
1.038775007455718579e-03
6.527994118000252002e-04
3.823116583823047625e-04
1.159215502960041476e+03
8.537046405292387716e-03
6.983411916438872838e-04
2.090938222018984272e-02
1.326899088601008565e-03
5.913237539243888091e-02
3.099473470699283311e-04
2.191719704883078460e-04
2.668885152137866830e-04
1.852718111481037235e-03
3.727009853032151087e-04
1.038865570614799669e-04
1.423948230084380839e+03
1.390931005014224286e-01
3.779731557793434855e-03
1.031701265889896080e-01
7.405887706769864742e-01
5.246740378872438368e-03
1.614873368585892453e-03
7.683707084471172455e-02
2.282678905099855531e-03
8.208328331649596219e-05
6.121385024880772159e-04
9.970968097723247655e-04
7.359071291423234795e-01
4.575092617135639687e-03
6.330092931353360763e-02
1.058100628602439211e-02
4.244091025935166849e-04
7.502583137039673181e-03
1.699458510605206273e-04
7.863902780266494299e-04
1.667609694453068073e-02
3.165117568599133333e-03
2.016771075478221778e-02
2.831152179326815741e-04
9.858059503742216956e-03
1.814054563063433663e-04
1.943823827018329592e-03
9.215753655984643697e-04
2.104319444048709156e-03
9.104303200015440034e-05
5.915719111673465886e-04
4.868365947948406769e-03
2.135470594123434034e-03
1.994883240039828105e-03
1.530434369180260802e-03
1.308752817823096715e+00
6.974183615823305038e-01
5.876673797971942873e-04
5.584739484096428981e-04
2.080760982650951135e-03
5.482410150372658912e-05
4.047872847153754475e-04
2.331606296149324258e-04
2.187750914221876016e-04
3.884204284348992745e-03
6.799927718593477355e-04
1.342047791072789272e-04
9.098679335152540237e-02
6.133731355440232014e-02
4.496012320907731563e-02
7.068665421097240862e-04
3.030070328766303877e-05
6.373562343230423346e-05
3.333838529908062735e-04
2.123951664595728935e-04
6.106016577260758860e-02
1.035164777695506473e+02
1.849376776858657756e-02
8.264553743466974620e-03
2.658141848278650164e-03
1.184277988581474914e-02
1.582334235428866975e+00
2.922237081913965466e-03
1.127933464783593520e-04
1.244526838527210263e-04
2.566417941308297024e-03
4.967363762421939848e-04
1.748357370011585643e-01
3.158237528368990424e-03
5.263258483553612775e-03
1.074374660565525676e-05
1.411130919511420804e-03
9.078860371696152601e-04
6.722578439430848367e-03
6.729996254650587317e-04
2.267022824242736689e+01
5.000274202419666830e-03
4.602050041258290945e-03
2.791938450107209757e-01
1.930627135781239076e+03
1.740021264306495651e-04
1.741280404986603192e-02
1.224597457777290967e-04
1.071018220275739025e-03
5.838239647291480593e-05
3.454134568457694308e-03
1.153952849988964602e-03
3.598980456291097675e-03
5.326910934916420128e-03
3.351352547436868990e-03
3.799985910253228559e-04
2.455130869781341554e-02
2.033715804084188297e-03
1.328538766695160035e-03
1.207399026612359592e+02
3.522388187852074385e-04
1.722525904754586929e-03
5.521388870253871907e-03
8.053196190445255256e-05
5.666720205662591431e-04
1.598082240734399403e-02
2.449187102163364270e-04
1.359436102105725025e-03
3.653207526450487266e-03
5.039388422612877533e-03
8.154211572760514115e-03
4.922195413629018579e-02
7.160196274984665212e-04
6.766080897091374113e-03
8.434632299640207678e-03
3.971334428619098847e-04
8.369447105710788648e+00
4.826007437888267526e-02
3.688370007187684752e-04
5.202355200916621535e-03
7.444092413182683624e-03
9.097145541469920174e-04
4.645577113173655209e-02
5.894808020250093782e-03
4.537482523870780757e-03
2.140072549951634929e-04
7.849179933307714714e-04
9.238384924627285420e-04
8.545438522748272439e-03
3.324860732346641458e-03
4.773042994645922528e-05
4.181514228296791627e-04
1.188701107762994832e-03
8.779764594744639619e-03
9.328210598087385147e-03
1.334691493993209882e-03
7.267733535309348894e-05
3.769623566633474024e-04
2.830902401144442799e-04
1.313199705801588145e-02
1.466307995231234582e-04
1.127187045516184769e-03
5.021257342420789964e-03
6.027461114063799030e+00
4.760537450468903262e+04
2.330106674313914272e+00
7.472469271657736049e-03
9.570255462059609058e-03
1.073765833443607841e-02
4.512286704085998607e-02
2.154642931572738451e+00
9.957279573090472083e-04
8.282448243778152593e-04
1.095005918601436043e-03
4.598318102102982863e-03
1.246573352446231700e-02
5.556905272833204124e-02
1.065271083074955348e-03
5.993551181586753186e-04
5.793378698659316228e+01
2.351696402826321686e-04
2.161765648526606286e-04
7.292481231604973010e-03
1.461543771647834649e-04
7.452461073654216474e-04
3.755743944872158352e-04
1.308755044361550337e-04
2.489323668330194889e-03
6.370753424375508308e-04
1.107656626634702726e-03
1.708467326482351000e-04
1.162217456826477452e-02
4.386666002711935822e-04
5.271352708090310977e-04
2.774663532950932430e-04
9.266541841119721500e-04
1.117365074079956734e-03
1.742203885272689034e-03
7.883687560248763049e+00
1.620287956290185349e-01
3.104866119708198178e-03
2.187932626661263954e-05
3.173082848280473888e-03
5.042573364493696194e-05
6.983253545341938304e-03
7.040059397023377052e-04
2.496938193223458696e-02
1.228917905459498972e+00
8.313411366041035524e-04
1.095651183313388994e-03
2.688280478147702778e-03
1.728889507537771143e-04
4.408214761790995584e-01
9.184663307925974678e-04
1.283483569366314001e-04
1.108783326263416275e-02
2.108861801969377748e-04
9.978759302360087294e-05
2.203037617015411991e-03
5.053045906033375861e-03
2.312034073925031165e-03
4.478228963795290000e-03
7.139554780829383406e-05
1.212142681604258965e-03
5.764898194308294135e-04
1.496297236989384771e+01
2.665607938176018507e-05
3.916473628216412335e-04
1.168554886839026308e+00
