2.035953624279526139e+03
1.662093131458334483e+03
3.478754272457486422e+03
2.721455340856727162e+03
4.646774290183045196e+03
3.116403132684796674e+03
2.625836995317227775e+03
2.627323328970944203e+03
1.860494286399363773e+03
3.246188159601026655e+03
3.218791774079495553e+03
3.565938476469029411e+03
2.153308901091244934e+03
2.460976345845934702e+03
1.696045458092930176e+03
2.474861085930063382e+03
2.829654897990385507e+03
6.729828099170003043e+03
3.375942393575600363e+03
3.557954651846472188e+03
2.563050305540648878e+03
1.919491520273470542e+03
2.351971494519236330e+03
2.351129705222552275e+03
3.221045860455309594e+03
2.607140068444959525e+03
3.876286257399717215e+03
1.261137439443982294e+04
2.612078661493797426e+03
3.470162505925234655e+03
3.384784264698248080e+03
2.127273058163260430e+03
4.826398569200156089e+03
2.146569118867678299e+03
3.515234848151330880e+03
2.623643682328330215e+03
2.674387149577241416e+03
2.900027216320321713e+03
3.966827606384454157e+03
1.900488556792541885e+03
1.467652159872855464e+03
2.762946579028322503e+03
1.473422994680386182e+03
3.441083246315689394e+03
3.540592391780450271e+03
3.843440182579744032e+03
3.523430989763765410e+03
4.767822243602647177e+03
3.528423145279571145e+03
5.595295108213522326e+03
2.121993541590000859e+03
3.014183596725059942e+03
1.705951598195566476e+04
3.430411960943430131e+03
4.164415955181711979e+03
1.324860710797433057e+03
4.065045690739545989e+03
3.458274428094764971e+03
2.031984951992169954e+03
1.295742929224378031e+03
2.362626663804092004e+03
4.747774103202667902e+03
3.405501134118711889e+03
4.879421129383092193e+03
2.876077528629871267e+03
5.623406902370739772e+03
2.919376053082454746e+03
2.164984650117201909e+03
1.949733511095504355e+03
1.691435856442940712e+04
2.586337769548914366e+03
1.987030735379260477e+03
1.185080109143744721e+03
2.444863230156271584e+03
4.328693047100021431e+03
3.100770548885793687e+03
3.332980426022602387e+03
4.989668327427885743e+03
3.047277242750837104e+03
3.653202236824570264e+03
2.558318308550318761e+03
8.636340076058986597e+03
1.600833708671742215e+03
3.499422131849960806e+03
3.390862600719777674e+03
2.116351928853475783e+03
2.729386568913907922e+03
2.526773638753691557e+03
1.682168305849273338e+03
3.225014328485684928e+03
1.674513022428010663e+04
3.164239723978903839e+03
3.128871312141911403e+03
1.384744257578958695e+03
1.895855082207030819e+03
3.048241239767683510e+03
1.101839579020492420e+04
4.134400525651840326e+03
2.603716316876031215e+03
3.123258728449911359e+03
3.147306147834822241e+03
3.437150498037114176e+03
3.441399340589038275e+03
3.561747992116585920e+03
1.291318181718717369e+03
5.959463200813554977e+03
1.553835897337864481e+03
2.953361824491660627e+03
4.883475620778734083e+03
2.982939052477679979e+03
1.518567902129290587e+03
2.257093637080823100e+03
3.210442947557916341e+03
1.648205276209782596e+03
2.818297844561053353e+03
2.573099052294461217e+03
3.568919746963102170e+03
1.759842666383952746e+03
3.432599288826359043e+03
2.774551167210828680e+03
3.232017866488087748e+03
2.169834281105819628e+03
3.282803856029307099e+03
3.416508860634062330e+03
1.554757503739846470e+03
3.568728664816547735e+03
3.924713588311784861e+03
1.518109203452520205e+03
3.267946285730639829e+03
3.246707167920580105e+03
1.211608059487728269e+03
2.609508454494435227e+03
7.197194892102700578e+03
3.154080060031145877e+03
5.454490619934595088e+03
3.419598557541018636e+03
1.312537569659247765e+03
1.594987559612378391e+03
3.495742233687206863e+03
3.151906050947297899e+03
1.840704938297432591e+03
3.292631528538378461e+03
3.568397292827190540e+03
3.533389035228540706e+03
2.316285695814502105e+03
2.356883294252362703e+03
7.046801104741835843e+03
4.300681037415339233e+03
2.542669791421663376e+03
3.568758370163584914e+03
1.994193276712300758e+03
2.136519709233738922e+03
2.074662229152184864e+03
1.647477077534937507e+03
3.843025705211287459e+03
3.210778025564929976e+03
2.359410813720215174e+03
3.771878864490348406e+03
3.566745650017004664e+03
1.714651553457171985e+03
3.357684431864438011e+03
3.495257027876180473e+03
3.486610848343440921e+03
3.497089289237459525e+03
2.026600244753893548e+03
2.533314064582847550e+03
3.720248447166019105e+03
4.489475633220567033e+03
2.424884227933321654e+03
1.279102331164337556e+03
3.905848059071391162e+03
2.699657455670463150e+03
2.574132428757884554e+03
2.622014828238442988e+03
2.797839349192004192e+03
2.702622024887428779e+03
3.180938603446691104e+03
1.601503926118159825e+03
7.592034024440316898e+03
5.614395368630638586e+03
5.512206586637916189e+03
4.173930065842654585e+03
3.390391400698304096e+03
2.227748746370077242e+03
1.438483896565490568e+03
1.706505910926000752e+03
2.558768527232334236e+03
3.024454854999318286e+03
1.627326520565963438e+04
2.848522450128815763e+03
3.077198686975950750e+03
3.454017857062890016e+03
2.072797460396064253e+03
5.436205496878755184e+03
3.088265886661874447e+03
2.415596023154874274e+03
5.546813080636986342e+03
3.317855505074419852e+03
2.972720748682206704e+03
3.214000004641110081e+03
3.528424341383753472e+03
1.963374497371807138e+03
3.971065154183050254e+03
6.530655427571665314e+03
3.182320448131055400e+03
3.431655112924663626e+03
3.906687062882109785e+03
2.693905636388468793e+03
1.583054466890482581e+04
3.428471311347006576e+03
2.819120891745110839e+03
3.422714174072775222e+03
3.069700912500984941e+03
1.767166168392857116e+03
3.564448187865109958e+03
3.175936999395401472e+03
3.564440381378464281e+03
1.964989209071086862e+03
3.111661117984463090e+03
3.546182769765761805e+03
1.247832264518767261e+04
4.252599296224248974e+03
3.964750916495459478e+03
2.320722629064925968e+03
3.649875722215255792e+03
2.025866417394897326e+03
2.141420653900231173e+03
1.759768801868523042e+03
3.878731707193702732e+03
1.750692812552605119e+03
1.890861610940319224e+03
2.315342532858267532e+03
3.196024666749505286e+03
4.187519713320361006e+03
2.804324198891403739e+03
3.131420570965969546e+03
2.014214750202327195e+03
2.382400814833108598e+03
1.871877906235063620e+03
2.783058064637170446e+03
3.238101414783928703e+03
2.440038638277183054e+03
3.741130806664341435e+03
9.678817841059215425e+03
1.807910090227555202e+03
1.246426023468146923e+03
3.561740298935981627e+03
2.112306538250885296e+03
2.638319171607390672e+03
2.743065419552467120e+03
4.776483525139266931e+03
3.387460320962057267e+03
1.386501437520346144e+03
1.226845427057960478e+03
2.147052286500400442e+03
2.542195655599140537e+03
2.974863497490212922e+03
3.648240896296568280e+03
2.532537432200600506e+03
2.698258456743937131e+03
2.573781946352470641e+03
1.188749872563940698e+03
6.358052265503141825e+03
1.894845899341291215e+03
2.451363865940265441e+03
1.850667253051634589e+03
2.990314013607469406e+03
5.405136351593436302e+03
1.713400948786251547e+03
2.862552349554935972e+03
1.275049749294665844e+03
3.549655855170408813e+03
3.351614068351156675e+03
3.461538311211753353e+03
2.943521845763743386e+03
4.484643138714445740e+03
2.782134337717503058e+03
3.050442203704118583e+03
3.454239133397315072e+03
3.066867703799804076e+03
2.107151956286420955e+03
2.539033193977319570e+03
1.670978358625148076e+03
2.841246346185392667e+03
3.282097867065151604e+03
1.800205490395155266e+03
3.329005497088309312e+03
4.391916927718889383e+03
2.596942666291674868e+03
2.231115408648176981e+03
4.394216988213113837e+03
3.448582917575621195e+03
1.736665888700903906e+03
2.778440685655257766e+03
3.416716921413185446e+03
3.200170626624859324e+03
3.302644396731076540e+03
3.182649570743600634e+03
3.565276187967233454e+03
2.548644404459192174e+03
3.475487671784133909e+03
1.428059826328433701e+04
2.732214835933071299e+03
3.562355280241425135e+03
2.316103413966521657e+03
2.433401270307833329e+03
5.534677288226190285e+03
1.297344694609802900e+03
2.214265979445632183e+03
2.970744815821830798e+03
2.762454055514192078e+03
3.325943460552714896e+03
2.120471806314727928e+03
1.556471223665262642e+03
2.680101299998204013e+03
3.076464080987231227e+03
3.170145253261936887e+03
3.264052519799495258e+03
3.137314688571135775e+03
2.314879196877602226e+03
3.544403028392825490e+03
1.647784676295877716e+03
2.142371553822029909e+03
3.518183019302037337e+03
2.426578579208929114e+03
2.997826459562090804e+03
2.567794476751692855e+03
3.032359581661402444e+03
2.621095455684362150e+03
1.741188800723168606e+04
2.649660807528162877e+03
3.321341798222848865e+03
4.315981483819743517e+03
3.344692680230046790e+03
3.179543897958966227e+03
3.187728563409412345e+03
3.005478037563617818e+03
3.567927737180972599e+03
1.443911818006747353e+03
4.264180380919983691e+03
3.228574255816978621e+03
3.774411956593533887e+03
1.198123464267680674e+03
4.030718852494743714e+03
1.807828081610345635e+03
3.494388890082292164e+03
2.799951955870216352e+03
3.429501632537365822e+03
3.323819724143393159e+03
2.001208574663039144e+03
3.051785420352694018e+03
2.418688820320096966e+03
3.166318064156002947e+03
3.516517589742186829e+03
1.613752413924015855e+03
3.054702472582472183e+03
3.300604503581515019e+03
2.474937666805198205e+03
6.275451803804326119e+03
3.066214897929705330e+03
2.079981223542708904e+03
1.748413321299938389e+03
3.119907490926724677e+03
2.694983673683625057e+03
2.119786464979539687e+03
1.326728121300282055e+03
3.181349747406498409e+03
3.257373113846779233e+03
1.907428968993223179e+03
3.264615369284499138e+03
6.237886728724735804e+03
8.908399523442345526e+03
4.318436002654351796e+03
3.567826658784090341e+03
2.184308229679378655e+03
1.971550574075050690e+03
2.872979524254136322e+03
3.305050837272386161e+03
3.795443192739959159e+03
2.266787827845921129e+03
2.962332352777200867e+03
3.364497025386020596e+03
2.874643483989940705e+03
2.896793182981547943e+03
2.242289694491949376e+03
1.165398173841408425e+04
2.950874289538825451e+03
3.097589129068406237e+03
2.218425099198056614e+03
3.050573428326213161e+03
2.347392028745601237e+03
2.157669711758518133e+03
2.413897147405668420e+03
1.147451320582427797e+03
3.189959476855680805e+03
2.725928102007624602e+03
4.494896358611316828e+03
1.387081398567534052e+03
1.401824406450833976e+03
4.276020914082961099e+03
1.838349037514645033e+03
1.143413359573125263e+03
2.065430815588874793e+03
3.568775869928568682e+03
3.566764583721007057e+03
2.603507322162276068e+03
3.405306630973959727e+03
3.033044123761244464e+03
4.609130073142710899e+03
1.478174026759113531e+03
3.568756527286564960e+03
2.031335398439285200e+03
2.736433688611423349e+03
2.117473222517849081e+03
3.466263053613406100e+03
3.424521540060897223e+03
3.135419936934653379e+03
3.459017145019482996e+03
3.348128492215078495e+03
3.553764536559781845e+03
2.292953890930430589e+03
2.831736634180556848e+03
1.950748388229059174e+03
2.833485886391346412e+03
3.464776849411185140e+03
3.447635849830029201e+03
3.476976242167037981e+03
2.514914031247900311e+03
3.394086444403577843e+03
2.675365707034701700e+03
5.985020376022664095e+03
2.612261914506469111e+03
3.267557805861778888e+03
3.530413935230019433e+03
4.642143805404631166e+03
2.854914511519257758e+03
2.657466376425047656e+03
2.834602455927984465e+03
2.557930993486794705e+03
3.377670122269752483e+03
5.430993815647557312e+03
1.835679768207482766e+03
3.167505404078906849e+03
4.476003196485735316e+03
1.710474656095452247e+03
2.998830861768392879e+03
3.976327157652967799e+03
4.527415300434495293e+03
3.051120823690413090e+03
1.291198745428906250e+03
1.737868554494662249e+03
3.229577439157361368e+03
1.825346515051805227e+03
1.941105570636939547e+03
3.550597947675744763e+03
3.530995114198715328e+03
3.704168688927984931e+03
1.738340707261447278e+03
2.141564424924023115e+03
3.593705800817296677e+03
3.494204463659041721e+03
3.567584787301329015e+03
1.333629242810482720e+04
3.965825676440350435e+03
3.066621117051071451e+03
2.520770594106167209e+03
3.188811195214720101e+03
3.346068193606488421e+03
2.590330682032127697e+03
3.549686190395707854e+03
1.673321997784897803e+03
3.555764882219318224e+03
1.334675458588073070e+03
3.009330966157743660e+03
3.927043079013728857e+03
1.641128717649013652e+03
3.059717639524912101e+03
1.984210764538638159e+03
4.425616873100823796e+03
3.586873910249357323e+03
5.488392449619343097e+03
4.110812542686324377e+03
3.514736167225112695e+03
2.089487287722353358e+03
2.496387584985565809e+03
3.006487813828008711e+03
3.234718298524486272e+03
3.557535048715565608e+03
2.248924316159865157e+03
1.845924312337380343e+03
2.969946865239166073e+03
1.977584878936766472e+03
3.451626058902430486e+03
3.203167874434347141e+03
3.520245744942988495e+03
1.517457934614632450e+03
6.651427271299024142e+03
1.128830675526201503e+03
2.562860254771667769e+03
3.426902483320647207e+03
1.413228925217880487e+03
1.624732801208245064e+03
1.589490756565081483e+03
3.217227064680755120e+03
4.445168931361660725e+03
3.154046160089291789e+03
3.268826877224466443e+03
2.619344436399683218e+03
1.252045863654050436e+03
1.270260348454337191e+03
4.315436861899467658e+03
1.722713430523239595e+03
3.824995076132824033e+04
2.005534945035752799e+03
3.417728789570422123e+03
6.131903591875683560e+03
2.662121404466958666e+03
3.512085952425552478e+03
2.632273799908528417e+03
2.503632354444306657e+03
2.155634314299483322e+03
3.568979260467961012e+03
2.354195218903040313e+03
2.437349604140879364e+03
3.069884716531198501e+04
2.568110537819464298e+03
2.815980060246112316e+03
1.354113646538977082e+04
2.680017654524636328e+03
2.672019165943536336e+03
3.568267379874364451e+03
2.524159510216670242e+03
2.273241332923449590e+03
2.817097959103735320e+03
3.463073942575932506e+03
1.402076067961377248e+03
2.691651743091958451e+03
2.619995894558669079e+03
2.311674879518903253e+03
3.378398833632549668e+03
2.458521693129699088e+03
3.276051269276103085e+03
3.025613370601965926e+03
2.213391925324880958e+03
2.384421578391129970e+03
2.031341133685489922e+03
1.479338129517707330e+03
3.304068059595161685e+03
3.414291309194496534e+03
2.012163595209904088e+03
3.295611007665204852e+03
9.932092983487238598e+03
1.577289707933272211e+03
2.989872128429720306e+03
3.510313028276653768e+03
1.418299900764273389e+03
3.555021519919268485e+03
9.207909794613753547e+03
1.651439668816400626e+03
3.568909470344660349e+03
2.703417016206009521e+03
1.917731655486331647e+03
2.997108303227114448e+03
1.561740639722005653e+03
3.070766929736292695e+03
1.255962709959839003e+03
3.504535979361236059e+03
2.983711252108495046e+03
2.909019756349345698e+03
2.133999952091909563e+03
2.659476370396876973e+03
2.077375752088613353e+03
3.513288771380902745e+03
2.144961613481153563e+03
3.298651354664401424e+03
2.426204631772502125e+03
3.383782322765700883e+03
3.116902159981506884e+03
2.817683873410184333e+03
3.414687775934704860e+03
2.797905021187440980e+03
3.568959237661271800e+03
3.505843751362441708e+03
3.117361508669632258e+03
4.141037333224941904e+03
3.568061348696379810e+03
3.095321682937056266e+03
1.545036597529549908e+03
3.179882175581648426e+03
2.643860677855445374e+03
3.116048306801017134e+03
3.363860679879028794e+03
3.359133363960140741e+03
3.415664069842602657e+03
3.426237696009621231e+03
1.755703388185105496e+03
2.116512234561806963e+03
3.328906048584090513e+03
2.778595083913559392e+03
3.542901188871389422e+03
1.830261431691496455e+03
2.115768629653603512e+03
3.161485420174246883e+03
3.016445945680183740e+03
2.383871558830137928e+03
2.779031584870098868e+03
1.352786299660975828e+03
1.365176278077883353e+03
1.684369997264027688e+03
3.205955089833958027e+03
3.956474806534574327e+03
2.363608318966230399e+03
1.346482177479200345e+03
3.475742601033144638e+03
3.851198024289070872e+03
1.891138095575142188e+03
2.721538693357387729e+03
1.981415812326763216e+03
1.741399643407361282e+03
3.365990595128167570e+03
7.006452334494284514e+03
3.424228444054663214e+03
1.087528777068037016e+04
2.845827021170435728e+03
4.480000104505410491e+03
2.168136485138472381e+03
1.797230283232901002e+03
3.466111442316882858e+03
2.685338837747773596e+03
2.540805923877168880e+03
3.411462525080746673e+03
2.585292444479336609e+03
3.195773316422053540e+03
2.487272049971766137e+03
3.558480861765243390e+03
2.525492302154174922e+03
3.103240594140023404e+03
1.280085269215386006e+03
3.562674683455149989e+03
3.306614001323917819e+03
2.118571233650209251e+03
2.206688800926725435e+03
2.371093475355833107e+03
3.205325969158981934e+03
3.136458043023681967e+03
2.407967955490731583e+03
3.452175775516324848e+03
4.327455594322193065e+03
1.403680141765491726e+03
2.801681501575783841e+03
3.245559893456264945e+03
3.228912211070647118e+03
1.257097268449913372e+03
2.188800679203391155e+03
1.508534391153698152e+03
3.187088129619425672e+03
3.360273621133999313e+03
1.985706308413539091e+03
2.583985400263087286e+03
2.575080973138155514e+03
3.569014961962927373e+03
2.128040675384736460e+03
3.136452560759388689e+03
3.557991715290806951e+03
3.556325565073937469e+03
3.402505181963604628e+03
2.487490139136526068e+03
3.568849493259008341e+03
3.521489464027861231e+03
3.469225445576038055e+03
1.538949827389515121e+03
1.402204793491996952e+03
3.454366611927527174e+03
5.994638490283671672e+03
3.551806676416893424e+03
3.577244378510198203e+03
3.128181125724307094e+03
2.502580579592230606e+03
3.423444745438712289e+03
3.480856645628623028e+03
3.419068808043948138e+03
6.056586178111198933e+03
2.674635126519317964e+03
1.380840351658485133e+03
4.509368125962982049e+03
1.988929452668226531e+03
3.457620799003199863e+03
4.085411639086737523e+03
2.518938877731001412e+03
3.565540108323069944e+03
2.581346958850707779e+03
3.563791811772235633e+03
1.552572875946174918e+03
3.380313749774743428e+03
3.422347602969645322e+03
2.992577621434566481e+03
3.440191784893850581e+03
5.020579017480647053e+03
3.511353683235718563e+03
6.607085928304119079e+03
2.882416529570069542e+03
3.086392244435189241e+03
2.375184170743999857e+03
1.119084231370186899e+04
1.470877263527188234e+03
2.652633601673526755e+03
2.481982685345005393e+03
2.723474187469545086e+03
4.816002092528698995e+03
2.676817670427622033e+03
4.789729391201791259e+03
2.817427903337223142e+03
3.844122081367127066e+03
3.069878187869433987e+03
2.522476659835233477e+03
2.884315933794237935e+03
2.820102109807523902e+03
2.362585239203357560e+03
2.457441520705890525e+03
2.095726401763423382e+03
2.592222124865054866e+03
3.315569670428103109e+03
2.723591894853408576e+03
3.481388813945320635e+03
1.180231570318602644e+04
2.699680770490332179e+03
2.918550200340890115e+03
2.004218704794626319e+03
2.737943162619299983e+03
3.502150673401362837e+03
2.214183021596810249e+03
2.078118887189294583e+03
2.697849018674008221e+03
3.569027148290181685e+03
3.313928232973435570e+03
6.451505696012364751e+03
4.605330951904115864e+03
1.948616887717156715e+03
1.398006175266154742e+03
2.755439779487587202e+03
3.070711458520246197e+03
3.054215494198692340e+03
1.872705465528807736e+03
1.829832320327399430e+03
1.423266800499254941e+03
3.797566765015018518e+03
6.090927373525332769e+03
1.786634636325064776e+03
2.198339680951718947e+03
1.658521419370657213e+03
4.147533269172743530e+03
6.497495983901102591e+03
2.368801435288583889e+03
2.499605295007469067e+03
2.663100296882489147e+03
3.020830325743706908e+03
3.431995637676785464e+03
3.025750549944021259e+03
6.203141101051613077e+03
1.709369722437391601e+03
3.565468992107889335e+03
2.588048611886405070e+03
2.700807596413596457e+03
3.476055314003270269e+03
5.278492269223852418e+03
3.487159737578825570e+03
3.553354933952625743e+03
3.531087496869444749e+03
2.550216560754572129e+03
3.537352457993369626e+03
3.558925577460912336e+03
3.099242187553503300e+03
3.107655431840703841e+03
3.540027160757156707e+03
3.569003363852325037e+03
2.595497556726386392e+03
3.566430048111777069e+03
3.568848595374883189e+03
2.274440028207544401e+03
3.488257564150015241e+03
2.096044723656244514e+03
1.674827246558888874e+03
3.200553403569040256e+03
4.515752431180039821e+03
1.355671290882600488e+03
3.568458031040084734e+03
3.031059087315198212e+03
3.920142155920297228e+03
3.712215490283248073e+03
4.115204063461790611e+03
3.548043628665609049e+03
3.706676346157632452e+03
2.053668628694727431e+03
2.500405464676141492e+03
2.303637960344329713e+03
3.521795565107760012e+03
1.959503870269172921e+03
2.078817928964720068e+03
4.169245827160966655e+03
3.471459634847810776e+03
4.116550436601878573e+03
1.896462244614744577e+03
2.755148624501518498e+03
2.437327750423164616e+03
1.193455995918202689e+03
2.441607618635913241e+03
2.705946515813761835e+03
1.670596260374341909e+03
3.181076305089075959e+03
2.715020157693379588e+03
1.420940605082216507e+03
3.468445665952686795e+03
3.505422808027085466e+03
3.610506554664787018e+03
2.977474952127494362e+03
7.159586529391270233e+03
4.689611712382402402e+03
3.143970558818714380e+03
2.872990669612988768e+03
1.149299100157496468e+03
3.479375264317961864e+03
3.177347061989093618e+03
5.670907380517252022e+03
3.247221974746754313e+03
1.585521806126800038e+04
3.832678491248320370e+03
6.297449340282531011e+03
2.569098130065477108e+03
1.940747462445316614e+03
3.564837692448889811e+03
3.559870530685519952e+03
2.192102118989628252e+03
3.544572833410380554e+03
3.218330721368233753e+03
1.756890525251952795e+03
3.019092598136284323e+03
5.357625967794509961e+03
3.031024237112877472e+03
3.561198672658456417e+03
1.315740676823904550e+03
3.503829086971078141e+03
6.060810898655934579e+03
3.013326033384075345e+03
2.596904886353278471e+03
3.362873528850873754e+03
4.764681709557413342e+03
2.056708227867303776e+03
2.767162997131506017e+03
1.970927529017137658e+03
3.005973464465160305e+03
3.116819920273131629e+03
5.975901706748420111e+03
2.789697289471678232e+03
3.182215916112080777e+03
4.266286455993414165e+03
2.551430295942687735e+03
3.416854992275732457e+03
3.537578297384106008e+03
2.577098442990591138e+03
2.005192033891814390e+03
3.021968990461649810e+03
2.647898814489524739e+03
2.384084158137738086e+03
7.910047461424447647e+03
3.020036480093868249e+03
3.864942188379332947e+03
2.130602920682905278e+03
5.772358819986758135e+03
3.563864699998830019e+03
3.568136076332528319e+03
2.731722629164700720e+03
2.977722496125170437e+03
3.245172579566667082e+03
3.561734681914452722e+03
3.776543881721694106e+03
1.596753474091006865e+03
4.596032043992577201e+03
5.668423939486818199e+03
3.244081194346309985e+03
2.096906612297199899e+03
3.569026654765793410e+03
3.137130375628949423e+03
3.569007982235404143e+03
3.568893428958506320e+03
1.642342792400427470e+03
3.276711648988124580e+03
2.971319364351428703e+03
6.037294056970480597e+03
2.478794735179465533e+03
2.171608880918133309e+03
4.465887452054346795e+03
1.938028242149449625e+03
3.439190312262536736e+03
2.488966323850439949e+03
3.184374348324046878e+03
3.297459741635639148e+03
2.802123756420139671e+03
8.196121340387198870e+03
1.862308062793679255e+03
2.735870491320521978e+03
2.835545786225969550e+03
3.329996424928316173e+03
2.776263898664928547e+03
1.695028103968782489e+03
6.080440614583728347e+03
2.798819211027232996e+03
2.610392816566587044e+03
2.877548756730523564e+03
2.211202650604553128e+03
1.711009873286058109e+03
1.937426805689167622e+03
2.014907487117179471e+03
2.139742194467048648e+03
2.808763259624010516e+03
3.314459354972991150e+03
3.325333124009735002e+03
1.129455884922209862e+03
4.934870564050073881e+03
3.568865279538704726e+03
6.725644498750780258e+03
2.656175870500093879e+03
3.399104523483013509e+03
2.020616093243175783e+03
3.569003427440254654e+03
1.992620218034071058e+03
2.564389697059280024e+03
2.991062137118549344e+03
3.247920603654079969e+03
3.164349685671682437e+03
1.720347578628771771e+03
2.813162560916834536e+03
5.009826663886026836e+03
4.073610308274598538e+03
3.239152800629600279e+03
3.195209909156222693e+03
1.767328880506848463e+03
2.149710992301797432e+03
2.338290585829502561e+03
2.984291390248995867e+03
3.508144629831445400e+03
2.913620005147456141e+03
1.835633364072436507e+03
2.858568674447962167e+03
1.997982715323928915e+03
3.531476464726361428e+03
2.014262751134477412e+03
2.969751097707330700e+03
3.451079245906099459e+03
2.253366694090630972e+03
1.586012385833472536e+03
3.173313390635258656e+03
1.465562811241643431e+03
3.232060228159396956e+03
3.533918946416020844e+03
2.573720729786486572e+03
2.984685791825698288e+03
5.251484342020884469e+03
2.940362027947100160e+03
2.146989211255726332e+04
1.973987278845739866e+03
3.476216589257803662e+03
3.375039976759722776e+03
4.072714453215463891e+03
1.671737631540366237e+03
2.428091928425678361e+03
1.863894321270857063e+03
5.448930824413894697e+03
2.825888382834779804e+03
4.559729501222263934e+03
2.472021487224316843e+03
1.837062734707627442e+03
2.478480227649037261e+03
3.254068219963515276e+03
3.732347472256404217e+03
2.720634516972155325e+03
4.714743932252334162e+03
2.309658858178719584e+03
3.451294371513762599e+03
3.513692621653299739e+03
2.408285115420851525e+03
1.303750351301348019e+03
2.669683875639505004e+03
1.413545541972395085e+03
4.533040965944888740e+03
6.294746804622423952e+03
3.513276027033889932e+03
3.501950789828623329e+03
2.298119704117685615e+03
1.574728873321898163e+03
3.566590382488195701e+03
3.163195257567163480e+03
3.430500662674457544e+03
3.555927150687975427e+03
2.781819507411740688e+03
1.919641313834400535e+03
3.564115153012756309e+03
2.895690515824285740e+03
3.568394758656360409e+03
2.854324218862411726e+03
2.212753144892506043e+03
2.033018556531009381e+03
3.523522212832808691e+03
3.201385626557801515e+03
2.769481342818521625e+03
2.994349094134116967e+03
3.139733459690052769e+03
2.292987988175852479e+03
2.702366979811276451e+03
2.465940533986128685e+03
2.728321038933700947e+03
3.015970966806962224e+03
2.042728597711256953e+03
2.741245272864095568e+03
2.720897268836140483e+03
2.446211564555389486e+03
2.799339398611612341e+04
1.573125260571980789e+03
3.355214947113564449e+03
2.047171055990121204e+03
3.667250645202921987e+03
4.694058243925339411e+03
2.761511818272650544e+03
3.568812765970980763e+03
2.329058261794378268e+03
1.899665669438653595e+03
2.535599708613898656e+03
2.607689487603654015e+03
2.751017153524414425e+03
2.689241541866969783e+03
2.786191505971750757e+03
3.477907326908954929e+03
2.314289984742634260e+03
1.250991128508567272e+03
2.988101333815940961e+03
2.881589638217789343e+03
1.498673555541053702e+03
1.871310662126832767e+03
3.039849893650164631e+03
2.276644280705479105e+03
4.148951150970507115e+03
2.042460881692737985e+03
1.260824131461860361e+03
2.879716148171157329e+03
1.143044191297083853e+04
3.336058801856773698e+03
2.640641576774286477e+03
1.240078786498415184e+03
2.975954125514422685e+03
2.173372161256422260e+03
3.365141073915477136e+03
3.220792050244357142e+03
2.380011530196129570e+03
1.547411912402303869e+03
3.535459737504149871e+03
3.226615399341505963e+03
3.696794909379753335e+03
2.362207718117401782e+03
3.375531219451539528e+03
1.800920778793200952e+03
2.464101555261872818e+03
3.382900672588205907e+03
3.568584176387470052e+03
2.550065310259262787e+03
3.565555243517156214e+03
3.423473221376119000e+03
2.626482207999184993e+03
4.131321331131190163e+03
3.038088027946221700e+03
3.366150930199397408e+03
3.003354437166679872e+03
2.892996805049723662e+03
3.764025312504696103e+03
2.472925262133014712e+03
1.362719583489786601e+03
4.181519667663801556e+03
3.568652826913838908e+03
2.673060367434963155e+03
2.091730819348846126e+03
3.419393524060232266e+03
1.600552783047734692e+03
2.818494960715675006e+03
1.637841317185038406e+03
3.255773602594758813e+03
1.305228412645670915e+03
3.326092017165463858e+03
3.415070074050628136e+03
2.981593067353864171e+03
2.049503177231678364e+03
1.716855559488026756e+03
2.528118761112330958e+03
2.925163512599202477e+03
3.353666616299155521e+03
1.137268113041575589e+03
3.479480868796325012e+03
3.481974444157674498e+03
2.871924439684485606e+03
2.612369973958635455e+03
3.698872946167205100e+03
3.558964027014303610e+03
1.031783876448902083e+04
2.686653701620289667e+03
4.650639894603549692e+03
1.645827264519051141e+03
2.787013952233106011e+03
2.925594773238268317e+03
2.862494167216947517e+03
3.317085125052665262e+03
2.029714851114975545e+03
3.992557279638890122e+03
3.144989531394335700e+03
4.598889149529914903e+03
1.146589926732986214e+03
3.327712828935053949e+03
2.789550689045806848e+03
3.027558697983289221e+03
3.523387668985571054e+03
2.249614370346712803e+03
2.167434915992350852e+03
3.466894227828646763e+03
3.068905670160345835e+03
2.272722032276854861e+03
2.973565724232372304e+03
2.910613762347061311e+03
3.447727018129626686e+03
1.146788206970176816e+03
3.229680243143315693e+03
3.273648153989965067e+03
3.525327893123005197e+03
4.330581672809857992e+03
2.860732565544020872e+03
2.609978157777640718e+03
1.721462124968849594e+03
2.594512831279110287e+03
1.545238573809214813e+03
3.566794272786743932e+03
3.567811708425462257e+03
2.801786577472412318e+03
2.361681934827174246e+03
1.797780963447828299e+03
3.801996607613645210e+03
4.147431645156195373e+03
2.383521245574351269e+03
3.309756170861336159e+03
2.358407093185522626e+03
2.242323859714606442e+03
1.267693110787987280e+03
3.206834693806067207e+03
1.943397227735254319e+03
1.211040564928612866e+03
1.733986513756080967e+03
2.529501815687398448e+03
3.407460812778552736e+03
2.158765514069697929e+03
4.303698322106128217e+03
2.453898501352253788e+03
2.579038916417557630e+03
2.216287719432053564e+03
2.342212960083416874e+03
1.575855372898921587e+03
2.473126224474997343e+03
3.903964688540486350e+03
3.442518069573168759e+03
4.114935413739847718e+03
1.734025227179318790e+03
2.900458927562043300e+03
2.257146694800359455e+03
3.494385474968840299e+03
7.389068599400714447e+03
3.568928998419814434e+03
1.354579649666021396e+03
2.537851035095894986e+03
1.313704647681783172e+03
1.383871907844484213e+03
1.604549754630094867e+03
2.415820370959369029e+03
2.501443423355223331e+03
2.758901027237716789e+03
2.770318843550567181e+03
3.550053290480023406e+03
1.905644239780662019e+03
1.977153087544875916e+03
3.320339378513252541e+03
3.193804415788710230e+03
1.961068918421500257e+03
3.814127139439298844e+03
2.573004533748206995e+03
2.674096476026522851e+03
2.810044732076987202e+03
2.555114071945909473e+03
3.159007461633855200e+03
2.728888778688015009e+03
2.360997803690907858e+03
4.604052521920888466e+03
2.513690336690899130e+03
3.459554058137018728e+03
2.622621538498202881e+03
2.847947681746070884e+03
2.280840595200405460e+03
3.532713728726659610e+03
3.515537818410963609e+03
1.274200645980660056e+03
1.499395985761160773e+03
4.989101161150827465e+03
4.323923607312989589e+03
3.030079655905487471e+03
2.997529063601962662e+03
3.568677031335918400e+03
1.892388422878343590e+03
3.377217052109755059e+03
2.952906149711886428e+03
3.522842579098460192e+03
1.323075510207466095e+03
3.243702670360606135e+03
3.157221815825218982e+03
3.682259117996514306e+03
3.421793565888274316e+03
4.187219930384013423e+03
4.298548810747227435e+03
2.778573655243712437e+03
1.887803835955767909e+03
3.328350868518785319e+03
4.093106688182143898e+03
1.580247786078421086e+03
3.160157011883124142e+03
1.783349087624659205e+03
1.303912236513734797e+03
3.426903500200402050e+03
3.430899590503646323e+03
3.262127452387704579e+03
3.899003751052633561e+03
1.611739691428573224e+03
1.736002919017250633e+03
3.967188016416900609e+03
3.022906722586406431e+03
2.405372408173259373e+03
3.516704926867401809e+03
4.418414946932131897e+03
3.444560982494835571e+03
3.562767696364694075e+03
2.435282449800211907e+03
2.454783252044667279e+03
3.961795244713989632e+03
3.294425523368171071e+03
2.274570981667422529e+03
3.075975460900677717e+03
3.438031790882380392e+03
2.218387637187437576e+03
3.379640027494889182e+03
1.395596876237133529e+03
2.499925620944962702e+03
3.416497855809782777e+03
1.940804701752263327e+03
2.231718828532071257e+03
4.171168868608838238e+03
3.417147146975335545e+03
3.011768218037633233e+03
2.190025547769544573e+03
2.606973533077930824e+03
3.200042219574555929e+03
1.966717544891435864e+03
2.967721035110614594e+03
2.780644260482018581e+03
2.954718174400729367e+03
1.737482913570119990e+03
1.742085421386131657e+03
6.733657426056185614e+03
9.171274589222648501e+03
2.824680023681217335e+03
3.561349483452089316e+03
3.381409797032396909e+03
1.792523515458804695e+03
2.478907692122933440e+03
2.529160343940988696e+03
3.250815204964983423e+03
3.213572373365797830e+03
5.033384439114075576e+03
3.561867876546920797e+03
3.869488010592964656e+03
4.363950190248338913e+03
3.566343645215574270e+03
2.583626238476005256e+03
2.205355214018958577e+03
3.193865216115937983e+03
3.444500553836652671e+03
2.723616726667660714e+03
3.768208516858765961e+03
6.575568263322357780e+03
3.188131225312155948e+03
2.902971834005366873e+03
3.705474395984427701e+03
1.286936086184532314e+03
1.849324678161710608e+03
3.737236652110897467e+03
3.509015544112676707e+03
2.798966757345540827e+03
4.324335386178810040e+03
2.633865391713834015e+03
3.336000732021324438e+03
3.337045498279526782e+03
2.087259102236330818e+03
2.442631224520552223e+03
4.755851424357533688e+03
2.083585729753739088e+03
2.043621651736031481e+03
2.962248976183449940e+03
1.670482535976004328e+03
4.422299582206578634e+03
1.710647485731976985e+03
3.298214397864137482e+03
2.602554780776267762e+03
3.567181395121548121e+03
3.236868158401066921e+03
2.728022564832846456e+03
1.052551595257018562e+04
1.532886692819136670e+03
3.208336268225006279e+03
1.322254342398596600e+04
3.446884331710325114e+03
3.518653235215801487e+03
1.335240445146843513e+03
1.268672721265171276e+03
1.359596092574722661e+03
1.480305201200499869e+04
9.210097066960272059e+03
2.588119795837450511e+03
2.461565599456427663e+03
1.925892017116469333e+03
2.573230360240345817e+03
2.682165553812023973e+03
3.528403168355990601e+03
3.990441829294565650e+03
3.526698657186240325e+03
3.362512391784103784e+03
3.545568398736500967e+03
3.517118938407026690e+03
2.952305910808026965e+03
2.591812587990336851e+03
2.436169486186708127e+03
3.426395447077120025e+03
6.522181015351079623e+03
3.216143194428753304e+03
4.638667985786784811e+03
1.223093279994327304e+03
3.563881104499649609e+03
3.830080077446376890e+03
3.329882032377706764e+03
5.495362278223486101e+03
3.237108466830065026e+03
2.296884699502698368e+03
2.207960017808204611e+03
3.155028632322482736e+03
4.643669375512622537e+03
1.566333578741919609e+03
3.270703846321352103e+03
3.548791296745032469e+03
1.785279200705994754e+03
1.791821016341349605e+03
2.671957929631350908e+03
2.408023764522946294e+03
2.142218189927445110e+03
2.143684817785289852e+03
1.856961185598060410e+03
3.285406228909557740e+03
3.441998009932202876e+03
3.466779481763113381e+03
3.096614632023799913e+03
6.271877871665767088e+03
4.192860384576042634e+03
6.453590380286544132e+03
2.729263507827952708e+03
4.151681639554689355e+03
3.542921848332041918e+03
2.603074298191703292e+03
1.742557515853783570e+03
3.432282443377113395e+03
1.883361882579810072e+03
2.470101302043522082e+03
3.015465706799985583e+03
3.427351630199447300e+03
5.143569672642868682e+03
3.244905539275872798e+03
3.411711815948301592e+03
2.518565788087010787e+03
3.440544701487287966e+03
2.854558253186365164e+03
3.870516108281246943e+03
2.738540635560882947e+03
2.933057907571500436e+03
2.841180182132749451e+03
3.568516269037364964e+03
6.301221238953244210e+03
2.568014814168767771e+03
2.950448744731731949e+03
3.471529001007565967e+03
4.435559400514493973e+03
2.998408805049492912e+03
1.753812335849442889e+03
2.678424658080363770e+03
3.141523337457120761e+03
2.802521660672693088e+03
2.096131474248361428e+03
1.364884364859618245e+03
3.440747539617244456e+03
1.573543984238124540e+04
4.869793160027732483e+03
3.433442768884661746e+03
3.690004116621445064e+03
2.348656961362527454e+03
3.311240719481282667e+03
1.501690338352616436e+03
3.473500210237893953e+03
7.334404420211065371e+03
3.918893673703485547e+03
3.101853161816089141e+03
3.561219729838741841e+03
5.966312047273573626e+03
2.209069499755612469e+03
3.563362411772794530e+03
2.395060150407462970e+03
4.139375156458309903e+03
1.701659729080655097e+03
2.062607017812738377e+03
3.493536552547808242e+03
2.048561158244503531e+03
1.978496501717748288e+03
3.154119744238964358e+03
3.616262016090048746e+03
2.390597417327077437e+03
3.685551471293656050e+03
3.568000033768536014e+03
3.211491512606735796e+03
3.362692883824327055e+03
1.385501780604667601e+03
2.674524523341522126e+03
2.374056624165595622e+03
1.943669679609547075e+03
2.731454836035764856e+03
2.642936295808063733e+03
3.504908424863040636e+03
3.256206164021687982e+03
4.657521611673250845e+03
1.923455130251365063e+03
1.496901255761523998e+03
3.102271790054642224e+03
1.135759175168503816e+03
3.560690194162428725e+03
3.029788093637139355e+03
2.983957358323947574e+03
2.662653416595802810e+03
2.694316926780822541e+03
2.837443046098881496e+03
1.234715704522193619e+03
1.625759719358029997e+03
3.027428449482748420e+03
1.944187221051887036e+03
3.555348672013601572e+03
2.409953581283871699e+03
1.699374609333317721e+03
2.278261171292525432e+03
2.648672160329231701e+03
1.354811734396997736e+03
1.906861266197067380e+03
2.558356421343323291e+03
2.519930139476465683e+03
3.566065529444441381e+03
3.709683088198561563e+03
2.123197376499932489e+03
1.825727213051104172e+03
3.336678288582783807e+03
3.567269443927984867e+03
6.715728961388494099e+03
1.174416719633482671e+03
2.792672867415580185e+03
3.511522437839697432e+03
3.568118102735519187e+03
1.511068336642809527e+03
3.428675691221294983e+03
2.455286655185413565e+03
1.578335911036096604e+03
2.986618485261401474e+03
1.978920435721179274e+03
3.515296932631080836e+03
3.520427603298375288e+03
3.696128526596797201e+03
2.700860579475385293e+03
1.217138171506086792e+03
2.361995560229670446e+03
2.931872522396939530e+03
3.452089685309515517e+03
2.712156769924599757e+03
3.105882698354654622e+03
3.076232557231880946e+03
2.007890230157103133e+03
3.312593577904212452e+03
2.858318702154404491e+03
3.567993411003130404e+03
3.446297988855613767e+03
1.766331413900650659e+03
2.985735364074662812e+03
3.466070145858277101e+03
1.643806712806614314e+03
3.563024343688203317e+03
2.231011446520080881e+03
3.022416586062314309e+03
5.834186546863632429e+03
3.192819395016910221e+03
2.819263953767615021e+03
1.174407716363424015e+03
1.869540697449194568e+03
3.210436084107317129e+03
2.998727420913507103e+03
2.666078389150189196e+03
5.021844848829424336e+03
2.582522736359644114e+03
3.108643038666225948e+03
3.186478306943325606e+03
3.084319850426236371e+03
2.957028238739152584e+03
2.595136991730207683e+03
4.519183818719192459e+03
2.888059591310676296e+03
3.086790630881538618e+03
3.382778931260157151e+03
1.540706491507989995e+03
3.556980126652333638e+03
3.046431474255187368e+03
3.384169378794326803e+03
3.550517619626806209e+03
4.098146227625267784e+03
2.737956195047276196e+03
3.568556902437775989e+03
2.359015303482029594e+03
3.390409764453918797e+03
1.723382569216807497e+03
1.260239742247858430e+03
1.688602890941920577e+03
2.545661923553402630e+03
1.329153204519272322e+03
3.328798790039491450e+03
2.537519535964895567e+03
3.514516670715954206e+03
1.417750474295756476e+03
2.211593018664522333e+03
2.778163438730137386e+03
2.713701943550673604e+03
1.858476903489067354e+03
1.731961681353443419e+04
2.441347893941589973e+03
3.494125877290652625e+03
2.223799239134317759e+03
4.152687948040560514e+03
2.726633591566637733e+03
4.535822182273089311e+03
2.608125039570034005e+03
1.186632093719890690e+03
3.057895148399936716e+03
3.077556901965656834e+03
1.806392281791975620e+03
2.277393904644779923e+03
3.558326105818987344e+03
1.363480579971388806e+03
2.987706598477613170e+03
3.091722900486931394e+03
3.443017516767379675e+03
1.367685444090480814e+03
3.227046672639462940e+03
1.149726585841600127e+03
2.379895859399968231e+03
3.013726178086186337e+03
4.598334668358073031e+03
1.838094094248334613e+03
2.025899066706226449e+03
3.407625684968108089e+03
2.694034314626032028e+03
3.313410612272283288e+03
2.389236237486172467e+04
1.175198979898905418e+04
2.639810779248896779e+03
3.024562921250254476e+03
4.608253887513958034e+03
1.670330821870975797e+03
2.891925053352009854e+03
2.700882439890247042e+03
2.473466922229158172e+03
1.740695714374234740e+04
3.510965249657271215e+03
2.729140538010994078e+03
3.568030613832273957e+03
2.988064261749175330e+03
4.080035364058148389e+03
2.383815182585645744e+03
2.236804280216314055e+03
2.320130385236891470e+03
3.111969713040883107e+03
2.462581637597922054e+03
1.931013440203539858e+03
1.798451021595327256e+04
4.527061780388909938e+03
3.338491337668257074e+03
4.369260919546822151e+03
5.564439375857493360e+03
3.420453973181323818e+03
3.062102977413505869e+03
4.215306396931455311e+03
3.184256046547340702e+03
1.839073775804293518e+03
2.673813029267865204e+03
2.875485724673595996e+03
5.559756617076924158e+03
3.388145736204785408e+03
4.115070577100212176e+03
3.537995871111800625e+03
2.518118201000225781e+03
3.490807733153194022e+03
2.130534152424509102e+03
2.778527186938172690e+03
3.567615191691692871e+03
3.287832810563414569e+03
3.568605583501455385e+03
2.345227942096642437e+03
3.529989315381552387e+03
2.157624265951761117e+03
3.128981341480148785e+03
2.843614170603278126e+03
3.156601514009815673e+03
1.879194090011603294e+03
2.659385310561258848e+03
3.403152548307730285e+03
3.161647688518240102e+03
3.138077171136024390e+03
3.042164498810430359e+03
5.965875869030092872e+03
5.520195020528481109e+03
2.656586476856447916e+03
2.635019238820347255e+03
3.152720445210321031e+03
1.687809622325115015e+03
2.497888812498989864e+03
2.262895770093032297e+03
2.236041224585638247e+03
3.345897282036760771e+03
2.718000429025194535e+03
2.033678164095402508e+03
4.303394040144414248e+03
4.098850720883504437e+03
3.940223074835613261e+03
2.734209837109131058e+03
1.481335142927926199e+03
1.743287514150232710e+03
2.414933826722586218e+03
2.223591977009300535e+03
4.096521571753534772e+03
1.151674604568975883e+04
3.568991710411472013e+03
3.506173797969223870e+03
3.234076358253832495e+03
3.548874832643715763e+03
6.067278787152542463e+03
3.263709761214157425e+03
1.963699522123594534e+03
2.003157035566907325e+03
3.222820504149994576e+03
2.585249624669456352e+03
4.565447870566458732e+03
3.287185990609108103e+03
3.421161696431941891e+03
1.167934723101316649e+03
3.011588754070004597e+03
2.837522819937293207e+03
3.471443364353869129e+03
2.713669309745284863e+03
8.522548037185815701e+03
3.409430690148754820e+03
3.389589413181419786e+03
4.874721804094203435e+03
1.886086822088874032e+04
2.140311585955492319e+03
3.568433569962556703e+03
1.996654848517490109e+03
2.904134714267555410e+03
1.710828652803490968e+03
3.313299879899414009e+03
2.933691733620920786e+03
3.324923902693331002e+03
3.423854133706738594e+03
3.304608665116659267e+03
2.470872291500770189e+03
3.638343688831996587e+03
3.144797282038282447e+03
2.988539039851829330e+03
1.184317517206073717e+04
2.438442129727468455e+03
3.085736064881270977e+03
3.431751377366600082e+03
1.831739973465083722e+03
2.641193094640255367e+03
3.566467884953965950e+03
2.283699699355066514e+03
2.997357292761561439e+03
3.329099257837309779e+03
3.411240012280469728e+03
3.504134935030432189e+03
3.986232978604734399e+03
2.739579440345864441e+03
3.472636973382645010e+03
3.509203990428298312e+03
2.489728573746092025e+03
7.090277681596178809e+03
3.976189534450162228e+03
2.458125974313012648e+03
3.418533522690205245e+03
3.489494393811985901e+03
2.838342385398116221e+03
3.956825104540605935e+03
3.445640990857092675e+03
3.386108647279108936e+03
2.226770677042229181e+03
2.777751868197953627e+03
2.844611425740083632e+03
3.511107516785000826e+03
3.302305399863734237e+03
1.637832319216625365e+03
2.511771229128803043e+03
2.945352262735971181e+03
3.514958242763411363e+03
3.523117040678283502e+03
2.990314404522511722e+03
1.792597621684535852e+03
2.467442383751948000e+03
2.345190390017760819e+03
3.556815570550867051e+03
2.069775570222212082e+03
2.924428271712918104e+03
3.410404222053935882e+03
6.661867440154030191e+03
3.265762739688843067e+04
6.272461011666653576e+03
3.490134146326180144e+03
3.526371089307364400e+03
3.539545550873132470e+03
3.942054825369099490e+03
6.231137691683699813e+03
2.874932616138948106e+03
2.799925026086099479e+03
2.912947910234610390e+03
3.389390362980995178e+03
3.553059391017321104e+03
4.048164057342495653e+03
2.901989505337658102e+03
2.664906771704756920e+03
1.034389624296102738e+04
2.266520212828939748e+03
2.231012612735711627e+03
3.485991932894950423e+03
2.068443905352688944e+03
2.756240160589417428e+03
2.465865253631401629e+03
2.023490960463713691e+03
3.212929100668980027e+03
2.690632869777079577e+03
2.917506819983761488e+03
2.132724198188582250e+03
3.547219493569116821e+03
2.532231861142814978e+03
2.610512865600682289e+03
2.336652520376474058e+03
2.845848352213142789e+03
2.920964897122241382e+03
3.089857766601259300e+03
7.010685387771823116e+03
4.608286115840299317e+03
3.282099086208499102e+03
1.376344134120826538e+03
3.288579151399500006e+03
1.657522484522194418e+03
3.478383143124809067e+03
2.732516267576963855e+03
3.646632273601816451e+03
5.946917476135018660e+03
2.801460447763894990e+03
2.913181908574525096e+03
3.237659659037447454e+03
2.137649524519416445e+03
5.189988554921827017e+03
2.842239677264975398e+03
2.015600270948714751e+03
3.542793702715004201e+03
2.220595884037365977e+03
1.915123938767472737e+03
3.172270437544150809e+03
3.411866292234989487e+03
3.188535600935195362e+03
3.382843989687557496e+03
1.785863477286875423e+03
2.952996307981487462e+03
2.648464635025063217e+03
7.900702937868535628e+03
1.439295362470348664e+03
2.483781639950996123e+03
5.908124641328941834e+03
