2.468495492609999786e+00 3.737687906320000053e+01 1.067837847619999957e+04
4.005926447359999809e-01 2.268216710099999964e-02 3.660619307070000104e+03
6.223225206360000206e-01 7.802527716200000074e-02 4.006850612939999792e+03
1.223252579650000005e+00 1.826803392860000042e+00 6.194390456459999768e+03
3.947588455059999890e-01 2.202380419910000137e-02 3.655692403179999928e+03
8.184792313880000503e-01 2.636212557179999916e-01 4.799164581170000019e+03
8.101098490379999850e-01 2.509394730330000156e-01 4.759179482249999637e+03
3.687923286429999781e+00 1.753191395599999964e+02 1.406311534729999948e+04
1.323177917510000023e+00 2.628230117729999815e+00 6.446516830739999932e+03
6.712709563369999577e-01 1.062971104360000002e-01 4.163630155380000360e+03
1.495428534560000022e+00 4.567665022309999934e+00 7.041292847099999562e+03
3.259932683669999887e-01 1.525551982380000081e-02 3.585280357520000052e+03
5.839323232119999485e-01 6.153833967419999884e-02 3.907610608359999787e+03
1.424514488500000065e+00 3.675398840919999799e+00 6.772869494640000084e+03
1.070829391450000001e+00 9.713868936780000185e-01 5.824198371049999878e+03
6.522586395199999609e-01 9.422756446369999483e-02 4.098742674410000291e+03
8.320926145450000533e-01 2.854077009830000011e-01 4.864374541940000199e+03
1.528081435700000101e+00 5.026739941639999820e+00 7.172397157139999763e+03
1.778040402570000067e+00 9.700229575470000754e+00 8.212051968359999591e+03
8.525980629749999595e-01 3.210601962329999726e-01 4.962459762450000198e+03
9.383857901530000545e-01 5.120149499599999654e-01 5.353082240990000173e+03
9.797621493899999479e-01 6.317814092800000392e-01 5.520178271609999683e+03
2.664159281290000014e-01 1.033616251709999941e-02 3.484234129410000151e+03
9.507503613350000160e-01 5.457542468170000216e-01 5.404802790910000112e+03
6.570384308879999580e-01 9.712403491370000252e-02 4.114585532140000396e+03
1.473332602029999938e+00 4.274615219890000262e+00 6.954906932439999764e+03
7.068716884360000119e-01 1.331714827290000069e-01 4.298027953490000073e+03
6.220836450300000209e-01 7.790862694790000320e-02 4.006168598950000160e+03
7.684244388800000047e-01 1.952964791110000098e-01 4.563647173729999849e+03
1.060588489399999945e+00 9.274816070239999544e-01 5.794286104959999648e+03
1.686913375300000073e+00 7.741734239240000370e+00 7.835235009600000012e+03
6.066400772379999529e-01 7.075721447680000109e-02 3.963798873409999942e+03
7.954180273459999784e-01 2.299368194020000034e-01 4.689410534839999855e+03
8.507992725130000267e-01 3.177915461570000044e-01 4.953881526350000058e+03
1.090631092039999972e+00 1.060721315289999911e+00 5.879338136860000304e+03
2.250979466870000056e+00 2.581338812459999943e+01 9.966665150720000383e+03
5.232426797239999594e-01 4.308255978819999776e-02 3.791160098339999877e+03
9.980330047209999833e-01 6.911445479800000236e-01 5.588280222790000153e+03
1.210249449980000058e+00 1.737635040790000085e+00 6.164756224750000001e+03
5.729275464619999481e-01 5.757317596790000047e-02 3.882946497269999782e+03
6.273726263350000165e-01 8.053612382069999520e-02 4.021459504439999819e+03
1.169917375570000084e+00 1.481409547589999987e+00 6.073513095770000291e+03
1.088111772079999984e+00 1.049024462039999994e+00 5.872509809930000301e+03
1.712095881950000120e-01 3.968525686129999695e-03 3.187608877740000025e+03
6.670339622559999793e-01 1.034783582070000069e-01 4.148739654570000312e+03
4.266739986209999724e-01 2.586102334399999897e-02 3.682491654559999915e+03
6.064754114329999890e-01 7.068498003789999706e-02 3.963365353749999940e+03
1.257568754300000036e+00 2.078258499649999980e+00 6.274998409429999811e+03
3.844378559679999974e+00 2.046609313799999939e+02 1.444516077109999969e+04
7.373671663130000331e-01 1.612355435210000021e-01 4.425106618669999989e+03
8.726128939639999915e-01 3.593385486399999773e-01 5.057266943110000284e+03
3.565410482490000144e-01 1.807344384729999906e-02 3.620500024729999950e+03
1.698266512730000066e+00 7.968830469250000270e+00 7.882680064719999791e+03
1.225704789239999926e+00 1.843989272980000038e+00 6.200019975160000286e+03
8.757384435930000155e-01 3.656403379040000234e-01 5.071936282579999897e+03
7.929150320760000037e-01 2.265140302280000129e-01 4.677597914560000390e+03
5.672849073500000339e-01 5.565705734160000112e-02 3.870934810149999976e+03
4.525486733579999754e-01 2.948839790729999855e-02 3.705582404669999960e+03
7.956251324390000157e-01 2.302220232270000000e-01 4.690389056099999834e+03
7.252736849980000455e-01 1.495051004690000074e-01 4.373519203130000278e+03
7.096427209519999835e-01 1.355185399319999984e-01 4.309149361460000364e+03
1.009895707979999946e+00 7.319386071729999665e-01 5.630561841310000091e+03
7.547949559080000537e-01 1.796239086649999983e-01 4.501879173780000201e+03
1.692016170919999896e+00 7.843227300259999701e+00 7.856573067799999990e+03
1.314120818419999948e+00 2.546642765680000142e+00 6.421115152420000413e+03
1.514096387920000009e+00 4.826258355660000277e+00 7.115806141920000300e+03
3.206303759990000168e-01 1.478429005769999957e-02 3.578141383449999921e+03
9.059676811179999678e-01 4.313496175709999880e-01 5.211093853409999610e+03
7.857175056590000040e-01 2.169165551439999895e-01 4.643780624750000243e+03
4.447106223630000188e-01 2.833148159340000138e-02 3.698314660999999887e+03
1.362072377650000110e+00 3.000321020999999977e+00 6.562660022299999582e+03
1.453808878100000035e+00 4.027143120579999902e+00 6.880506867799999782e+03
6.306322188190000011e-01 8.220282868290000600e-02 4.031081806000000142e+03
8.188400164260000169e-01 2.641799557710000079e-01 4.800890817309999875e+03
5.995565151630000145e-01 6.772315240670000180e-02 3.945495932480000192e+03
1.713794154179999918e+00 8.287049420220000684e+00 7.947379509219999818e+03
7.912614092719999492e-01 2.242770128540000074e-01 4.669807963399999608e+03
3.590828291419999818e+00 1.586606106170000032e+02 1.382112251029999970e+04
7.186539081489999869e-01 1.434241710349999921e-01 4.345927026170000318e+03
1.747224847960000105e+00 9.002675371000000482e+00 8.085772341169999891e+03
2.459031585870000036e+00 3.680982792839999718e+01 1.064835507990000042e+04
1.205721208199999950e+00 1.707349175270000075e+00 6.154500839530000121e+03
6.384640385109999761e-01 8.635960222169999922e-02 4.054819456979999813e+03
8.948129376440000504e-01 4.060766146129999865e-01 5.160385698950000005e+03
3.119498663859999743e-01 1.403446870010000014e-02 3.565870164769999974e+03
6.131320235570000277e-01 7.367143190040000011e-02 3.981196641590000127e+03
8.265857514290000374e-01 2.764187125140000201e-01 4.837983811969999806e+03
1.411641518839999998e+00 3.528063645120000036e+00 6.727271899880000092e+03
1.947442933250000063e+00 1.423561326449999953e+01 8.879621526860000813e+03
3.091879921239999995e-01 1.379911001950000042e-02 3.561769826239999929e+03
3.233892638799999997e+00 1.068373608429999990e+02 1.289630121870000039e+04
7.185338272700000362e-01 1.433160293119999928e-01 4.345430922749999809e+03
1.173779180689999979e+00 1.504648300159999952e+00 6.082304282869999952e+03
1.333370101389999896e+00 2.722295260330000133e+00 6.475833773590000419e+03
1.167336686450000105e+00 1.466029068899999954e+00 6.067621554649999780e+03
1.104005594270000001e+00 1.124467123380000100e+00 5.914741330300000300e+03
2.991463028399999891e-01 1.295587528659999932e-02 3.546011416639999879e+03
4.074192174840000069e-01 2.347520752730000021e-02 3.666332429649999995e+03
2.699472699469999792e+00 5.320237523240000144e+01 1.138847424030000002e+04
1.282101104000000102e+00 2.272934552500000205e+00 6.335941310399999566e+03
2.529963516820000091e+00 4.121031864540000100e+01 1.087150100919999932e+04
1.174057458929999909e+00 1.506333233259999904e+00 6.082936719770000309e+03
6.885556469219999975e-01 1.186089281339999940e-01 4.226858821030000399e+03
7.384224459960000431e-01 1.622982851960000084e-01 4.429676904900000409e+03
1.455273041509999921e+00 4.045335317440000189e+00 6.886017252059999919e+03
5.945547864689999518e-01 6.566909126139999775e-02 3.932997416270000031e+03
1.677974613129999959e+00 7.566203132700000111e+00 7.797808799280000130e+03
2.084459372310000003e+00 1.886560490229999942e+01 9.386089250990000437e+03
6.378442987589999502e-01 8.602269351239999473e-02 4.052909311119999984e+03
6.129408385579999674e-01 7.358373590929999375e-02 3.980675736000000143e+03
6.241777168759999883e-01 7.893769274869999464e-02 4.012175067879999915e+03
2.311180652369999866e-01 7.733979972620000365e-03 3.396639786480000112e+03
6.822676157079999859e-01 1.139752361279999932e-01 4.203401760480000121e+03
8.414472166719999535e-01 3.012391745099999851e-01 4.909184700890000386e+03
1.577810328430000020e+00 5.788076116920000125e+00 7.377510089090000292e+03
1.478967800509999986e+00 4.348030191100000330e+00 6.976732063239999661e+03
7.400943599949999507e-01 1.639951424270000013e-01 4.436939425110000229e+03
1.037746233040000021e+00 8.349877500810000130e-01 5.723843113670000093e+03
3.503423477770000183e-01 1.748127433879999998e-02 3.614008499869999923e+03
1.763149841569999987e+00 9.358544929040000682e+00 8.151197690289999628e+03
2.805396550779999942e-01 1.144289728529999939e-02 3.512978790380000191e+03
1.930525346979999890e+00 1.372628987609999918e+01 8.815067431620000207e+03
5.481704182240000334e-01 4.971079898240000211e-02 3.833350286899999901e+03
1.027203939300000091e+00 7.947540484320000376e-01 5.689511599700000261e+03
1.394391715930000109e+00 3.337378093449999916e+00 6.667950508939999963e+03
1.008852464280000083e+00 7.282783740510000436e-01 5.626904850050000277e+03
7.694725565479999529e-01 1.965506144209999972e-01 4.568452098400000068e+03
9.444812231029999783e-01 5.284355463100000039e-01 5.378760551080000369e+03
1.597633113389999915e+00 6.113341186070000433e+00 7.460379573080000227e+03
9.387274121690000195e-01 5.129244551830000054e-01 5.354530534989999978e+03
1.135334517060000020e-01 1.384683624610000057e-03 2.897042358310000054e+03
4.246888263129999785e-01 2.560391258090000122e-02 3.680804886869999791e+03
6.655302858610000483e-01 1.024961795399999959e-01 4.143513896800000111e+03
6.225121504909999492e-01 7.811801402439999542e-02 4.007392604300000130e+03
3.724807186669999992e-01 1.965283218869999862e-02 3.636014738790000138e+03
2.700415974999999857e+00 5.327521998910000178e+01 1.139129150529999970e+04
9.393661258990000373e-01 5.146283361210000074e-01 5.357235454130000107e+03
2.180746162290000123e-01 6.837480412339999765e-03 3.357999060590000227e+03
2.012405461749999791e+00 1.631603051620000144e+01 9.123273898629999167e+03
3.871693351089999791e-01 2.119194829199999922e-02 3.649175623610000002e+03
1.168403819069999905e+00 1.472374569110000087e+00 6.070059499449999748e+03
3.370343898109999792e+00 1.249767900199999957e+02 1.325670682040000065e+04
2.129530491650000190e+00 2.059622866460000168e+01 9.546744075329999760e+03
7.446409792270000105e-01 1.686917464730000038e-01 4.456820611309999549e+03
3.758291537280000205e-01 1.999607669049999897e-02 3.639094547900000180e+03
7.871978843279999749e-01 2.188611425070000061e-01 4.650716608499999893e+03
9.649193233289999894e-01 5.865398685520000210e-01 5.462231895330000043e+03
9.759354547749999886e-01 6.198660760269999459e-01 5.505460705360000247e+03
9.714326213789999942e-01 6.060702828630000205e-01 5.487944302840000091e+03
1.118690020669999896e+00 1.197716179759999999e+00 5.952105370989999756e+03
3.294626769040000180e+00 1.146664446230000038e+02 1.305781621610000002e+04
7.485997939140000002e-01 1.728803225810000010e-01 4.474283000749999701e+03
1.971733635209999891e+00 1.499007788479999981e+01 8.971502457389999108e+03
1.564304305440000098e+00 5.573672236060000174e+00 7.321331969810000373e+03
3.536191921649999848e-01 1.779288904779999930e-02 3.617476048160000119e+03
3.068975473700000234e-01 1.360506562889999931e-02 3.558294544020000103e+03
4.905595237929999963e-01 3.598831185359999824e-02 3.746227325190000101e+03
3.960919021240000060e+00 2.286160362800000030e+02 1.472370893170000090e+04
3.584290665459999858e-01 1.825612567570000094e-02 3.622421569780000027e+03
1.447407260140000096e+00 3.948293837430000064e+00 6.856553796209999746e+03
8.734697042950000379e-01 3.610571716170000167e-01 5.061292567909999889e+03
1.335977279699999964e-01 2.148646475999999982e-03 3.010211437899999964e+03
1.106438902719999895e+00 1.136366233710000007e+00 5.921035820910000439e+03
8.178815823139999885e-01 2.626979599879999960e-01 4.796305415050000192e+03
8.503567640439999575e-01 3.169916858460000153e-01 4.951770167249999758e+03
1.036347051219999926e+00 8.295602338240000151e-01 5.719354186219999974e+03
6.009586367679999874e-01 6.831192960300000450e-02 3.949062654769999881e+03
1.024301607850000018e+00 7.839426204920000307e-01 5.679852259489999597e+03
8.018887070919999971e-01 2.389929461510000019e-01 4.720056379939999715e+03
2.135388545260000104e+00 2.082909314990000027e+01 9.567423960460000671e+03
1.038241123509999975e+00 8.369139372539999844e-01 5.725425935389999722e+03
2.369652633650000118e-01 8.147893864600000771e-03 3.412817537549999997e+03
1.752411673439999928e+00 9.117508401849999444e+00 8.107119327520000297e+03
8.635956530639999906e-01 3.416539457509999989e-01 5.014720482839999931e+03
5.114326453059999666e-01 4.032995455059999734e-02 3.773661261199999899e+03
1.053612534360000019e+00 8.984476376129999498e-01 5.773330601300000126e+03
2.499730569830000138e-01 9.093776300709999899e-03 3.446373723419999806e+03
4.110243792239999805e-01 2.390451123530000152e-02 3.669340244510000048e+03
7.810243819709999924e-01 2.108510542460000081e-01 4.621865000800000416e+03
6.391392050199999897e-01 8.672822705390000053e-02 4.056906640940000216e+03
1.013901675640000111e+00 7.461253115989999740e-01 5.644494316129999788e+03
3.367685803109999876e-01 1.622212704110000125e-02 3.598689704129999882e+03
2.190790928399999782e+00 2.312411754440000067e+01 9.760817884250000134e+03
1.078072891699999980e+00 1.003378609829999935e+00 5.844767649440000241e+03
9.567512593089999573e-01 5.627469233990000097e-01 5.429371288639999875e+03
1.134409226300000073e+00 1.280024034990000059e+00 5.990613832549999643e+03
2.899241390569999854e+00 7.025011806889999377e+01 1.197184687780000058e+04
8.460688510739999835e-01 3.093271331870000029e-01 4.931291183479999745e+03
8.413249873620000097e-01 3.010276855369999893e-01 4.908599664330000451e+03
4.531513601859999962e-01 2.957964345570000125e-02 3.706153653159999976e+03
5.819533192039999525e-01 6.080231901580000070e-02 3.903053319560000091e+03
3.688280511659999816e-01 1.928316274679999984e-02 3.632591040150000026e+03
3.035854429620000183e-01 1.332626619449999925e-02 3.553146151710000140e+03
5.913733264079999996e-01 6.439943927379999933e-02 3.925229568740000104e+03
5.324269910459999977e-01 4.538849994849999958e-02 3.805845980520000012e+03
2.013652157350000138e+00 1.635794304359999884e+01 9.127886644439999145e+03
6.430449169099999862e-01 8.889337838199999620e-02 4.069107401889999892e+03
7.884568096899999823e-01 2.205267547710000053e-01 4.656623249989999749e+03
5.769185797360000256e-01 5.897560212349999692e-02 3.891700853459999962e+03
6.498025057880000288e-01 9.277393241890000142e-02 4.090725967649999802e+03
1.157500768869999946e-01 1.461499851659999903e-03 2.910328847880000012e+03
3.456196410369999916e-01 1.703756389069999849e-02 3.608860343710000052e+03
2.571779511539999952e+00 4.397077982919999783e+01 1.100108886349999921e+04
8.408697391160000478e-01 3.002410748589999789e-01 4.906420521860000008e+03
1.597352267280000016e+00 6.108643841800000196e+00 7.459202816140000323e+03
1.789547469660000001e-01 4.400378592380000016e-03 3.219390502969999943e+03
1.377301050960000106e+00 3.155908106310000072e+00 6.611295073399999637e+03
1.188125099230000092e+00 1.593346698249999971e+00 6.114777523789999577e+03
1.239340362100000092e+00 1.941727935969999930e+00 6.231641894289999982e+03
7.283114681029999593e-01 1.523751538370000103e-01 4.386337497360000270e+03
1.122480295419999941e+00 1.217189527780000002e+00 5.961521077440000226e+03
5.654774236509999552e-01 5.505937977389999821e-02 3.867176889910000227e+03
2.900938135619999803e-01 1.221191666700000011e-02 3.530592048210000030e+03
7.845955586749999711e-01 2.154528402850000024e-01 4.638531159690000095e+03
6.826086438749999763e-01 1.142219225449999931e-01 4.204660753930000283e+03
8.564058218669999833e-01 3.280712202009999912e-01 4.980592996420000418e+03
7.298243483480000293e-01 1.538234582649999904e-01 4.392757008720000158e+03
9.033463723729999728e-01 4.252999203849999743e-01 5.199253559730000234e+03
8.783127665169999654e-01 3.708981836399999898e-01 5.083984933929999897e+03
3.979085591950000111e-01 2.237712661569999859e-02 3.658359354969999913e+03
1.294174904259999925e+00 2.373484778529999950e+00 6.367246982540000317e+03
3.648840395980000206e+00 1.684744555430000048e+02 1.396617103300000053e+04
9.357766590330000023e-01 5.051105945570000255e-01 5.341985700449999968e+03
1.184260290129999893e+00 1.569080505509999890e+00 6.106049388440000257e+03
7.871637744530000091e-01 2.188161663940000057e-01 4.650556675460000406e+03
1.204155714289999901e+00 1.696969914849999927e+00 6.150960638909999943e+03
1.040320826829999934e+00 8.450455456709999869e-01 5.732049543230000381e+03
1.929202238600000063e+00 1.368700785499999917e+01 8.809999065780000819e+03
1.286308512710000018e+00 2.307613566280000139e+00 6.346744818060000398e+03
2.991653624089999908e-01 1.295745764269999947e-02 3.546042635929999960e+03
6.045860057070000515e-01 6.986201116220000507e-02 3.958418517669999801e+03
4.393025467830000141e-01 2.756396580629999829e-02 3.693456107930000144e+03
9.185922650660000022e-01 4.614590458410000040e-01 5.267408428450000429e+03
4.783092499800000175e-01 3.371456807559999880e-02 3.731971229629999925e+03
4.914175900280000064e-01 3.615474102039999832e-02 3.747273917710000205e+03
1.258607601380000052e+00 2.086245390609999806e+00 6.277514092069999606e+03
1.010498937179999945e+00 7.340614951870000349e-01 5.632670996550000382e+03
1.592275890720000087e+00 6.024181576840000218e+00 7.437944201199999952e+03
1.253843613789999978e+00 2.049802779949999820e+00 6.266020009859999846e+03
4.266889072500000268e-01 2.586296463299999834e-02 3.682504352309999831e+03
7.844863991870000275e-01 2.153108894970000020e-01 4.638020750970000336e+03
2.338333943989999941e+00 3.009802585119999918e+01 1.025819041529999959e+04
9.984652492209999952e-01 6.925993280350000170e-01 5.589847543810000388e+03
1.596435365989999910e+00 6.093325980100000372e+00 7.455361411920000137e+03
3.972713975109999907e-01 2.230525372629999989e-02 3.657821271960000104e+03
1.375619851359999979e+00 3.138451379270000174e+00 6.605839431450000120e+03
1.602509358320000077e+00 6.195311533189999942e+00 7.480820950510000330e+03
4.413447363910000254e-01 2.785095802270000018e-02 3.695277296769999793e+03
8.250939382070000550e-01 2.740250405260000188e-01 4.830836115050000444e+03
3.973238180509999773e-01 2.231115914020000146e-02 3.657865566550000040e+03
1.070874910699999960e+00 9.715854931180000209e-01 5.824329125719999865e+03
1.121330418299999909e+00 1.211256945549999964e+00 5.958673844900000404e+03
1.305163861390000068e+00 2.467784971029999941e+00 6.396580446920000213e+03
1.567898553320000055e+00 5.630165523669999672e+00 7.336254919699999846e+03
2.481769163090000063e+00 3.818250793880000060e+01 1.072035572099999990e+04
4.192044731980000272e-01 2.490749022759999876e-02 3.676179925590000039e+03
9.157644970189999789e-01 4.545731970690000123e-01 5.254900852879999547e+03
1.929415126249999890e+00 1.369332294340000011e+01 8.810814757090000057e+03
1.371950321039999920e+00 3.100591656070000202e+00 6.594005679339999915e+03
1.441888252750000099e+00 3.881212960250000066e+00 6.836090476839999610e+03
1.649802179769999988e+00 7.031511859980000168e+00 7.679553058679999594e+03
1.190869147089999913e+00 1.610743538489999960e+00 6.120970004410000001e+03
3.633505803459999850e-01 1.873767325319999899e-02 3.627317811630000051e+03
4.982925893710000165e-01 3.752411007530000175e-02 3.755901494920000005e+03
5.431968131729999483e-01 4.829234727690000228e-02 3.824333948800000144e+03
1.426469030850000097e+00 3.698150746350000073e+00 6.779887702070000159e+03
6.692287948189999947e-01 1.049290243229999975e-01 4.156422749489999660e+03
2.031949884009999874e+00 1.698188019230000023e+01 9.195317511229999582e+03
2.040125344170000132e-01 5.915459238330000348e-03 3.312224268899999970e+03
7.522575041650000349e-01 1.768336870539999883e-01 4.490537525060000007e+03
5.942645317029999763e-01 6.555208086989999794e-02 3.932282873650000056e+03
6.513416452210000207e-01 9.368212045090000550e-02 4.095739753240000027e+03
1.505683014159999944e+00 4.708448687849999814e+00 7.082067228760000035e+03
1.091377092769999946e+00 1.064203672289999902e+00 5.881350104500000270e+03
7.624101564280000298e-01 1.882363421530000025e-01 4.536221979889999602e+03
5.319168605309999576e-01 4.525642122540000228e-02 3.805004640589999781e+03
8.423651378130000422e-01 3.028313814909999735e-01 4.913577658690000135e+03
2.440946648899999794e+00 3.574309424839999849e+01 1.059076064699999915e+04
5.297990092350000069e-01 4.471319776939999824e-02 3.801544328599999972e+03
6.275632142229999877e-01 8.063257119260000549e-02 4.022017952260000129e+03
7.709014504479999585e-01 1.982718501259999877e-01 4.575014316839999992e+03
4.754200186359999747e-01 3.320486955190000283e-02 3.728785305930000050e+03
6.512545776339999648e-01 9.363050081420000448e-02 4.095455241699999988e+03
6.480797253860000051e-01 9.176818672379999375e-02 4.085153428470000108e+03
1.075816586359999993e+00 9.933292601990000303e-01 5.838411296670000411e+03
9.977049640199999736e-01 6.900420569359999590e-01 5.587089387439999882e+03
2.643190491229999939e+00 4.898113033500000313e+01 1.121922424839999985e+04
1.082783311170000040e+00 1.024605680459999890e+00 5.857892738319999808e+03
6.880884155959999804e-01 1.182583748780000055e-01 4.225098271550000391e+03
1.600905148280000079e+00 6.168258471779999752e+00 7.474094097469999724e+03
7.321562265209999865e-01 1.560807237740000075e-01 4.402697451070000170e+03
4.323731490619999729e-01 2.661473227579999948e-02 3.687383513839999978e+03
8.172508547119999855e-01 2.617265382239999938e-01 4.793288544539999748e+03
6.032006114029999644e-01 6.926538166649999495e-02 3.954823339449999821e+03
8.839883465440000476e-01 3.827077192169999753e-01 5.110433162780000202e+03
5.920301557029999939e-01 6.465925247369999629e-02 3.926821719829999893e+03
4.173782563160000070e-01 2.467996323359999966e-02 3.674648675599999933e+03
8.263068829009999616e-01 2.759699226439999986e-01 4.836647587860000385e+03
3.653326648479999772e-01 1.893387202309999851e-02 3.629246356239999841e+03
7.667016495570000423e-01 1.932504605029999878e-01 4.555765427479999744e+03
1.101128769890000081e+00 1.110520136179999895e+00 5.907243657330000133e+03
1.190540819780000037e+00 1.608654635680000000e+00 6.120229197949999616e+03
2.310889745970000075e-01 7.731938809900000195e-03 3.396557559020000099e+03
4.742383077210000075e-01 3.299917906910000004e-02 3.727500437149999925e+03
8.663096493209999638e-01 3.468998391459999775e-01 5.027558678409999629e+03
5.979568328230000507e-01 6.705839815050000652e-02 3.941460413809999864e+03
1.058050299150000040e+00 9.168364352600000267e-01 5.786716846780000196e+03
4.795531069669999868e-01 3.393701946440000339e-02 3.733362686129999929e+03
7.383014132870000523e-01 1.621760720460000138e-01 4.429152186979999897e+03
5.756615611630000462e-01 5.852960039039999812e-02 3.888920326420000038e+03
8.406008869479999479e-01 2.997773384110000161e-01 4.905133496430000378e+03
1.565343328870000050e+00 5.589961438679999617e+00 7.325643699829999605e+03
9.373359380619999959e-01 5.092278883459999683e-01 5.348624727940000412e+03
1.713220149360000111e+00 8.275127797270000585e+00 7.944992100389999905e+03
9.030930156109999718e-01 4.247188312649999853e-01 5.198106614469999840e+03
9.389477954910000479e-01 5.135118619540000040e-01 5.355464271910000207e+03
4.666727552620000274e-01 3.171918153040000077e-02 3.719512298869999995e+03
1.491491562880000066e+00 4.514425894610000434e+00 7.025747468509999635e+03
6.064620124549999769e-01 7.067910588560000207e-02 3.963330094819999886e+03
5.180805721129999597e-01 4.185108028089999654e-02 3.783324763309999980e+03
3.770641082480000073e+00 1.904390834499999983e+02 1.426628701589999946e+04
5.687622267640000118e-01 5.615131015029999756e-02 3.874038517739999861e+03
7.396419538239999980e-01 1.635343943600000016e-01 4.434971642960000281e+03
4.736002978210000158e+00 4.393955568599999992e+02 1.646028237299999819e+04
1.316720539729999917e+00 2.569870218430000186e+00 6.428344637760000296e+03
1.290151937899999934e+00 2.339628508910000182e+00 6.356711680960000194e+03
3.673811829260000272e-01 1.913806005749999969e-02 3.631215002699999786e+03
6.105983871200000301e-01 7.251856157640000633e-02 3.974335608599999887e+03
4.109699115479999998e-01 2.389796905969999996e-02 3.669294805999999880e+03
7.676851813249999656e-01 1.944161816299999901e-01 4.560262602679999873e+03
8.074336087629999659e-01 2.469956355440000029e-01 4.746423939000000246e+03
8.679796073800000178e-01 3.501604203299999996e-01 5.035444776399999682e+03
1.849288913549999913e+00 1.145862118730000034e+01 8.498527414950000093e+03
1.616632405030000053e+00 6.437147779850000084e+00 7.540108820190000188e+03
1.345184588059999964e+00 2.834365457000000088e+00 6.510806055750000269e+03
8.367804622119999758e-01 2.932519298049999779e-01 4.886837339380000230e+03
1.602699711070000088e+00 6.198527214010000286e+00 7.481619267359999867e+03
2.137836158469999859e+00 2.092693646369999882e+01 9.576051045759999397e+03
2.958558965429999854e-01 1.268371413700000033e-02 3.540544474799999989e+03
7.405011893370000431e-01 1.644104850549999997e-01 4.438710606159999770e+03
1.894322119359999945e+00 1.267986564039999919e+01 8.675348127620000014e+03
1.867288824859999918e+00 1.193626567169999930e+01 8.569605567750000773e+03
6.357217052910000277e-01 8.487927520139999793e-02 4.046408436919999986e+03
1.405556090849999995e+00 3.459918846019999883e+00 6.706106107339999653e+03
1.095096779039999912e+00 1.081695950170000087e+00 5.891315229189999627e+03
6.106366452150000512e-01 7.253582104649999862e-02 3.974438532940000186e+03
7.166993709260000012e-01 1.416734401970000112e-01 4.337871936509999614e+03
4.333604947740000157e-01 2.674773172429999873e-02 3.688239619479999874e+03
9.668852307690000147e-01 5.923821598990000048e-01 5.470039036199999828e+03
8.174212577770000321e-01 2.619886853210000033e-01 4.794103552919999856e+03
5.234005115980000511e-01 4.312092764009999718e-02 3.791404338670000016e+03
6.427475388419999769e-01 8.872654778869999703e-02 4.068170848650000153e+03
7.940067469820000223e-01 2.280014669240000014e-01 4.682747052769999755e+03
6.994405135079999614e-01 1.270670027380000067e-01 4.268655242599999838e+03
2.073280038250000068e+00 1.845278736590000079e+01 9.345806033220000245e+03
5.352380456399999931e-01 4.612500926759999925e-02 3.810537271839999903e+03
1.476710121320000013e+00 4.318509438299999559e+00 6.967970255690000158e+03
7.333936791409999545e-01 1.572909448650000042e-01 4.407994754479999756e+03
5.156907261309999768e-01 4.129602191279999751e-02 3.779796333119999872e+03
1.310895208840000103e+00 2.518036060980000101e+00 6.412213399350000145e+03
1.863577592820000017e+00 1.183665211329999956e+01 8.554994387479999205e+03
1.125467795160000062e+00 1.232704562609999943e+00 5.968881827230000454e+03
7.762544454919999559e-01 2.048389136700000113e-01 4.599713072780000402e+03
8.877422861720000169e-01 3.906852116649999762e-01 5.127833031309999569e+03
1.524232437680000052e+00 4.970978972340000190e+00 7.156762845850000303e+03
1.429431612319999934e+00 3.732830062210000133e+00 6.790571946179999941e+03
5.362790566259999503e-01 4.640153444160000085e-02 3.812298417800000152e+03
6.359794713130000332e-01 8.501726889220000138e-02 4.047194483260000197e+03
4.719180777390000192e-01 3.259991782149999906e-02 3.725007559010000023e+03
6.574657677570000525e-01 9.738740020949999965e-02 4.116017464059999838e+03
1.870523936419999922e-01 4.870896220250000089e-03 3.251027116960000058e+03
4.639602168790000203e-01 3.127523835760000204e-02 3.716743176320000202e+03
8.414443715680000047e-01 3.012342503220000189e-01 4.909171083320000434e+03
1.189153468490000032e+00 1.599850045409999977e+00 6.117098560710000129e+03
5.905261392180000124e-01 6.406609153759999786e-02 3.923184858919999897e+03
2.619603976520000210e-01 9.994536620639999508e-03 3.474457782269999825e+03
1.572702381370000069e+00 5.706308354959999996e+00 7.356231774679999944e+03
1.133125430210000006e+00 1.273147978569999950e+00 5.987519716949999747e+03
1.416595636630000099e+00 3.584250847589999900e+00 6.744689519350000410e+03
1.133744782910000026e+00 1.276461802570000081e+00 5.989013486320000084e+03
9.578269291750000081e-01 5.658362707859999619e-01 5.433737375059999977e+03
6.876738737559999759e-01 1.179482000400000064e-01 4.223538605880000432e+03
4.553761409489999745e-01 2.991940214180000002e-02 3.708278975839999930e+03
5.015887421829999804e-01 3.820401401169999656e-02 3.760195573919999788e+03
4.066361707710000051e-01 2.338294326159999839e-02 3.665678728200000023e+03
7.241519378909999638e-01 1.484580378249999999e-01 4.368810407889999624e+03
3.100585751650000166e-01 1.387313517510000045e-02 3.563072861699999976e+03
6.186871291019999664e-01 7.627035003019999593e-02 3.996559167540000090e+03
1.263468028839999924e-01 1.854977581700000076e-03 2.971053981789999852e+03
7.136695728949999928e-01 1.389992014479999871e-01 4.325470141679999870e+03
1.948859987320000098e+00 1.427887260460000007e+01 8.885007649260000107e+03
1.776351678800000000e+00 9.661041357269999352e+00 8.205166688499999509e+03
1.405508663330000019e+00 3.459391513029999921e+00 6.705942155959999582e+03
1.274279977640000006e+00 2.209483232110000195e+00 6.316145399889999680e+03
6.954867755000000429e-01 1.239294028440000028e-01 4.253301747049999904e+03
4.843392973130000279e+00 4.764245005619999915e+02 1.668660337169999912e+04
1.028538014170000015e+00 7.997617198099999936e-01 5.693921319070000209e+03
6.531453126170000401e-01 9.475808670810000056e-02 4.101657496599999831e+03
1.150300750119999993e+00 1.367451874909999976e+00 6.028280069720000029e+03
6.424242613999999740e-01 8.854555942269999591e-02 4.067154147870000088e+03
9.314030908449999480e-01 4.937025779750000010e-01 5.323247333899999830e+03
4.520355112359999983e-01 2.941097008959999912e-02 3.705097486399999980e+03
1.678982964450000059e+00 7.585860984970000054e+00 7.802033536339999955e+03
1.567840733529999975e+00 5.629253503670000214e+00 7.336014691690000291e+03
7.422056502589999827e-01 1.661610649290000130e-01 4.446147930350000024e+03
8.970667691350000528e-01 4.110843843270000075e-01 5.170697748280000269e+03
3.157292217609999896e-01 1.435901732749999930e-02 3.571325389879999875e+03
5.659519138509999658e-01 5.521553387150000131e-02 3.868159206759999961e+03
1.987225294669999975e+00 1.548574239370000072e+01 9.029610439109999788e+03
4.543732402019999839e-01 2.976566902529999975e-02 3.707317635809999956e+03
1.211357907420000046e+00 1.745108556669999977e+00 6.167270686539999588e+03
7.420060385490000465e-01 1.659551775320000089e-01 4.445275545729999976e+03
7.277875811430000175e-01 1.518765767889999896e-01 4.384120023360000232e+03
8.553515584659999726e-01 3.261175200159999732e-01 4.975576104480000140e+03
7.204620794199999567e-01 1.450618254770000004e-01 4.353416527659999701e+03
2.877984195419999724e-01 1.202565572550000003e-02 3.526489304239999910e+03
2.744912876289999915e-01 1.096454623729999946e-02 3.501077247860000170e+03
3.958273255190000173e-01 2.214311150440000098e-02 3.656599158710000211e+03
1.232571507609999895e+00 1.892745893879999919e+00 6.215871447800000169e+03
8.673866402000000031e-01 3.489997917920000248e-01 5.032645797369999855e+03
9.447909736320000418e-01 5.292809429120000075e-01 5.380056118669999705e+03
3.768483317269999966e-01 2.010140738169999969e-02 3.640021604739999930e+03
1.048852667090000024e+00 8.790371753140000521e-01 5.758754297139999835e+03
6.160098493040000456e-01 7.500546791060000440e-02 3.989100394090000009e+03
4.160056906660000164e-01 2.451034815760000027e-02 3.673499891380000008e+03
5.307135904659999737e-01 4.494677893099999905e-02 3.803032217970000147e+03
6.130504410649999514e-01 7.363399617429999822e-02 3.980974297140000090e+03
1.665854925259999897e+00 7.332757741039999999e+00 7.746981681889999891e+03
1.201900161760000030e+00 1.682097467650000011e+00 6.145863704780000262e+03
7.007607448299999486e-01 1.281316107350000122e-01 4.273824872070000310e+03
1.098566976419999897e+00 1.098209242060000035e+00 5.900513558130000092e+03
1.470569483400000044e+00 4.238944917459999573e+00 6.944260443379999742e+03
5.843330290639999758e-01 6.168862374669999843e-02 3.908539915830000155e+03
9.198495251410000462e-01 4.645471715749999730e-01 5.272948932780000177e+03
1.012956517989999972e+00 7.427592397490000442e-01 5.641222854929999812e+03
5.826699053780000082e-01 6.106764087120000045e-02 3.904697276209999927e+03
3.943938303000000256e-01 2.198317407500000042e-02 3.655382114999999885e+03
7.088303419899999458e-01 1.348264207459999864e-01 4.305879581500000313e+03
5.402455407130000165e-01 4.747422385530000039e-02 3.819128167960000155e+03
7.767392892459999976e-01 2.054430726289999953e-01 4.601958761689999847e+03
1.765449044599999961e+00 9.410736478609999622e+00 8.160614720470000066e+03
2.817696040189999973e+00 6.288931887390000242e+01 1.173683951680000064e+04
7.623277161229999876e-01 1.881411645169999980e-01 4.535847842099999980e+03
5.867367663289999591e-01 6.259910819679999350e-02 3.914161067600000024e+03
4.543694956339999758e-01 2.976509680080000053e-02 3.707314056570000048e+03
2.662315900639999899e+00 5.038814955379999816e+01 1.127699471479999920e+04
7.595676361830000500e-01 1.849793192570000078e-01 4.523350902770000175e+03
9.967436377880000142e-01 6.868190209110000000e-01 5.583592887019999580e+03
4.674556228439999961e-01 3.184874746150000158e-02 3.720320504010000150e+03
2.204626261219999883e-01 6.998746274440000373e-03 3.365342715350000162e+03
4.999091222770000176e-01 3.785561588909999720e-02 3.757994348690000152e+03
1.067453980160000038e+00 9.567454650669999783e-01 5.814448792829999547e+03
5.874238987900000097e-01 6.286222508579999979e-02 3.915782596489999833e+03
6.178009855239999792e-01 7.584912744520000416e-02 3.994079115940000065e+03
7.737935820610000182e-01 2.017964917389999946e-01 4.588336604889999762e+03
7.361169229039999928e-01 1.599847100759999863e-01 4.419705826520000301e+03
5.901078190920000521e-01 6.390222215320000287e-02 3.922178912689999834e+03
5.820952886300000406e-01 6.085477771739999930e-02 3.903378459250000105e+03
3.941796524050000250e-01 2.195936385970000126e-02 3.655199920810000094e+03
1.084366516660000057e+00 1.031815790560000057e+00 5.862260957919999782e+03
7.172473710410000036e-01 1.421622653600000119e-01 4.340126078029999917e+03
7.590366365009999505e-01 1.843764990210000065e-01 4.520953248189999613e+03
2.085588882340000172e+00 1.890767344229999836e+01 9.390149500539999281e+03
5.826427489380000546e-01 6.105756147770000086e-02 3.904634846779999862e+03
6.662875846529999757e-01 1.029896551939999960e-01 4.146141890900000362e+03
1.102297576560000048e+00 1.116170804470000055e+00 5.910297236379999958e+03
1.122908387939999919e+00 1.219403735490000029e+00 5.962579060230000323e+03
6.456214275689999837e-01 9.035261561030000221e-02 4.077274107409999942e+03
3.942672448569999877e-01 2.196909885220000094e-02 3.655274444440000025e+03
4.435555177500000168e-01 2.816550629289999927e-02 3.697267075419999856e+03
5.703478793649999767e-01 5.668762453110000321e-02 3.877402207869999984e+03
9.160977815070000529e-01 4.553804819719999841e-01 5.256378298579999864e+03
1.102789813990000090e+00 1.118557008220000037e+00 5.911580196109999633e+03
1.219675078020000081e+00 1.801942779830000063e+00 6.186203577119999863e+03
9.215928381260000135e-01 4.688563840880000111e-01 5.280610149449999881e+03
8.437162785280000188e-01 3.051877932270000149e-01 4.920041956570000366e+03
5.959444765829999824e-01 6.623261913090000563e-02 3.936434850359999928e+03
1.562456612399999889e+00 5.544789082030000316e+00 7.313668967710000288e+03
1.420928535939999904e+00 3.633919109709999873e+00 6.760057569890000195e+03
1.347094008660000064e+00 2.852787101270000125e+00 6.516558759649999956e+03
7.937763260810000165e-01 2.276868219119999870e-01 4.681659854419999647e+03
3.509546547640000069e-01 1.753926437100000041e-02 3.614662757640000109e+03
8.677810689889999818e-01 3.497714647440000046e-01 5.034507767119999698e+03
4.093091334599999742e-01 2.369932410759999913e-02 3.667909390110000004e+03
1.572560317460000023e+00 5.704046075800000004e+00 7.355640500769999562e+03
1.259685871290000092e+00 2.094559115820000095e+00 6.280130836409999574e+03
2.240913204049999941e+00 2.534903175679999876e+01 9.932532868009999220e+03
1.209047240949999935e+00 1.729556113569999942e+00 6.162031030309999551e+03
5.325756519840000314e-01 4.542708059379999691e-02 3.806091737530000046e+03
1.601013940859999929e+00 6.170090455939999607e+00 7.474550233560000379e+03
1.064605600779999994e+00 9.445206938319999912e-01 5.806138244380000287e+03
8.752277229079999943e-01 3.646044934179999975e-01 5.069542277489999833e+03
7.745533091039999984e-01 2.027314859400000113e-01 4.591844872179999584e+03
8.309941494850000554e-01 2.835953013160000258e-01 4.859110120590000406e+03
1.070169392399999975e+00 9.685107837880000403e-01 5.822300360809999802e+03
3.927957968510000231e-01 2.180605254749999958e-02 3.654020338989999800e+03
1.403109294290000086e+00 3.432789252670000124e+00 6.697668349479999961e+03
1.995450172269999989e+00 1.575355327189999954e+01 9.060308302339999500e+03
4.413221902860000045e-01 2.784777101659999948e-02 3.695257104180000169e+03
1.002543941869999955e+00 7.064442726140000017e-01 5.604538262699999905e+03
1.066891360350000095e+00 9.543213484950000547e-01 5.812813348810000207e+03
4.250115939090000072e-01 2.564553021519999990e-02 3.681078613579999910e+03
1.223308436089999951e+00 1.827193536770000071e+00 6.194518518240000049e+03
6.594934053690000297e-01 9.864699968380000183e-02 4.122846275150000110e+03
5.121083015030000185e-01 4.048131939280000258e-02 3.774621944059999805e+03
1.335552085250000021e+00 2.742746558719999950e+00 6.482212299800000437e+03
5.645727532280000460e-01 5.476311421680000319e-02 3.865312236889999895e+03
6.680126162599999695e-01 1.041226880490000034e-01 4.152157369759999710e+03
4.274692273390000019e-01 2.596479042729999895e-02 3.683169617040000048e+03
3.363062469259999965e+00 1.239582543669999950e+02 1.323769684109999980e+04
6.333833379879999503e-01 8.363824369279999893e-02 4.039320842199999788e+03
1.521519870739999947e+00 4.931948842689999779e+00 7.145770875979999801e+03
4.880549820310000064e-01 3.550805531230000200e-02 3.743209658960000070e+03
8.769387942059999608e-01 3.680843434959999994e-01 5.077558190339999783e+03
1.187808926720000047e+00 1.591351175470000046e+00 6.114063824200000454e+03
4.118462164949999726e-01 2.400343571279999963e-02 3.670025897970000187e+03
2.891532838040000164e-01 1.213548139489999990e-02 3.528920627269999841e+03
5.759815219760000549e-01 5.864274845049999990e-02 3.889626047610000114e+03
3.662772162929999742e-01 1.902784054569999980e-02 3.630157111139999870e+03
3.652544061690000121e-01 1.892610021669999948e-02 3.629170661229999951e+03
1.947176718919999994e+00 1.422749671649999925e+01 8.878609302909999315e+03
4.454605792620000004e-01 2.843984858089999845e-02 3.698997846239999944e+03
3.592220771040000038e-01 1.833319007249999827e-02 3.623221322530000180e+03
2.158901270099999881e-01 6.691120576710000122e-03 3.351173556339999777e+03
1.294084991899999926e+00 2.372724219459999784e+00 6.367010353570000007e+03
5.484716341549999985e-01 4.979833745819999685e-02 3.833906253059999926e+03
7.568375110460000554e-01 1.818986034299999999e-01 4.511046532270000171e+03
2.198264448000000204e+00 2.344676812839999869e+01 9.786612014129999807e+03
2.721509600770000148e+00 5.492252095919999988e+01 1.145412874750000083e+04
7.494344487170000457e-01 1.737753475870000008e-01 4.477982124459999795e+03
5.284861719869999863e-01 4.438055487610000072e-02 3.799425515030000042e+03
9.037336996010000290e-01 4.261895134940000274e-01 5.201006127710000328e+03
2.123252297890000140e+00 2.034870864250000011e+01 9.524530533439999999e+03
3.663278557569999982e-01 1.903288709320000160e-02 3.630205791010000212e+03
8.696686394079999882e-01 3.534837475629999948e-01 5.043409995289999642e+03
9.011753904979999952e-01 4.203413048030000265e-01 5.189411220820000381e+03
2.739801217320000148e+00 5.637964140889999953e+01 1.150836947470000086e+04
4.274547839339999933e-01 2.596290176899999913e-02 3.683157291269999860e+03
1.278860468990000054e+00 2.246484628630000202e+00 6.327694630619999771e+03
3.255526222189999985e-01 1.521656230329999915e-02 3.584705928679999943e+03
1.266201724619999913e+00 2.145314942360000199e+00 6.296069002989999717e+03
1.287560981529999982e+00 2.318011036330000163e+00 6.349982349799999611e+03
2.813134792379999860e-01 1.150457124189999993e-02 3.514458652639999855e+03
3.100960196129999846e-01 1.387632241369999957e-02 3.563128687219999847e+03
5.110337691699999851e-01 4.024093272209999794e-02 3.773096363610000026e+03
2.946961526369999973e+00 7.482648993589999975e+01 1.210749100189999990e+04
1.095747367580000020e+00 1.084777518529999929e+00 5.893046872130000338e+03
1.382932011829999919e+00 3.214888972719999849e+00 6.629722627789999933e+03
4.867123187080000246e-01 3.525393338099999663e-02 3.741614354310000181e+03
6.870054468249999768e-01 1.174497321439999936e-01 4.221028384199999891e+03
1.347325685439999976e+00 2.855028157300000036e+00 6.517258665610000207e+03
1.009315477639999958e+00 7.299011186070000212e-01 5.628529362029999902e+03
7.142235656790000276e-01 1.394846040030000012e-01 4.327730025390000264e+03
2.687158818600000054e-01 1.051393024220000083e-02 3.489144785620000221e+03
1.067664619819999938e+00 9.576542308040000284e-01 5.815060321879999719e+03
1.673320820220000060e+00 7.475946905189999825e+00 7.778302078509999774e+03
1.302689975470000094e+00 2.446321794400000194e+00 6.389904259249999996e+03
2.980816266640000101e-01 1.286759187329999943e-02 3.544259348430000045e+03
9.197995525469999656e-01 4.644241136400000247e-01 5.272728956810000454e+03
8.452288483950000098e-01 3.078438267520000049e-01 4.927275542389999828e+03
3.905931732690000047e-01 2.156390654180000144e-02 3.652133678730000156e+03
5.453766176340000271e+00 7.283523723570000357e+02 1.791452968999999939e+04
7.910669908309999609e-01 2.240152664260000037e-01 4.668892857079999885e+03
9.529564956310000445e-01 5.519538118579999653e-01 5.413876371289999952e+03
6.408335041599999560e-01 8.766058851069999380e-02 4.062172798009999951e+03
9.469974113610000188e-01 5.353338122299999835e-01 5.389258334539999851e+03
4.649669704509999946e-01 3.143911102520000056e-02 3.717765351309999915e+03
1.373191301739999926e+00 3.113358051900000145e+00 6.597996264260000316e+03
4.745968967959999785e-01 3.306142709959999926e-02 3.727889230639999823e+03
8.366327250449999697e-01 2.930019938389999967e-01 4.886129588830000102e+03
8.157625942020000354e-01 2.594464564360000058e-01 4.786172329310000350e+03
4.387426136400000010e-01 2.748586620760000085e-02 3.692959459109999898e+03
1.062968011239999955e+00 9.375462427620000483e-01 5.801325406889999613e+03
7.357344486939999539e-01 1.596038363589999953e-01 4.418056642880000254e+03
5.254929878530000265e-01 4.363368344890000000e-02 3.794668955749999895e+03
6.924740982589999705e-01 1.215889536680000022e-01 4.241733438530000058e+03
4.979920547789999929e-01 3.746288605059999721e-02 3.755515152370000123e+03
1.628775572619999945e+00 6.650403848629999892e+00 7.591148199219999697e+03
1.144522976259999991e+00 1.335166681420000057e+00 6.014712253480000072e+03
3.043800714459999890e-01 1.339296254310000031e-02 3.554394771729999775e+03
7.269885830550000261e-01 1.511190888820000133e-01 4.380743567260000418e+03
1.309122081760000000e+00 2.502410872750000070e+00 6.407351991049999924e+03
5.527292400100000114e-01 5.105607530020000312e-02 3.841887126560000070e+03
1.659520762519999915e+00 7.212814869739999857e+00 7.720387189279999802e+03
6.712991146860000091e-01 1.063160986270000052e-01 4.163729929170000105e+03
7.455662271830000298e-01 1.696623678120000034e-01 4.460889489539999886e+03
3.578301249149999919e-01 1.819805238779999973e-02 3.621814681270000165e+03
3.803647520010000171e+00 1.967171948030000124e+02 1.434661179359999915e+04
1.708798695440000071e+00 8.183706113699999563e+00 7.926590854959999888e+03
7.220250343240000035e-01 1.464914543030000071e-01 4.359919136380000054e+03
8.505253087020000491e-01 3.172961434000000081e-01 4.952574400239999704e+03
8.143363191569999993e-01 2.572771977789999887e-01 4.779355898730000263e+03
5.899929347569999871e-01 6.385730245430000507e-02 3.921903072739999971e+03
1.263370205660000023e+00 2.123149297259999901e+00 6.289115995240000302e+03
5.431266992690000350e-01 4.827270989520000138e-02 3.824209035010000207e+03
4.366381857669999755e-01 2.719456850729999944e-02 3.691102706610000041e+03
7.578968869800000174e-01 1.830885228280000054e-01 4.515814171770000030e+03
1.644927243920000004e+00 6.941802649159999561e+00 7.659060570059999918e+03
7.666314982869999461e-01 1.931675518390000013e-01 4.555444916239999657e+03
1.287728391059999922e+00 2.319403385209999779e+00 6.350415847870000107e+03
5.117903184809999839e-01 4.040999319309999949e-02 3.774169222640000044e+03
3.708464676209999866e-01 1.948683526429999952e-02 3.634491559760000200e+03
1.111776963959999920e+00 1.162800618539999942e+00 5.934697600950000378e+03
5.993966866519999659e-01 6.765640146220000539e-02 3.945091116090000014e+03
2.110941644960000030e+00 1.986946143759999828e+01 9.480819676889999755e+03
4.173319363610000221e-01 2.467421989820000119e-02 3.674609880829999838e+03
7.203865133669999921e-01 1.449930368469999897e-01 4.353102812490000360e+03
8.735825307119999827e-01 3.612839826270000110e-01 5.061822431380000126e+03
4.485675782849999904e-01 2.889398050049999875e-02 3.701854826409999987e+03
1.114452105880000099e+00 1.176220149469999976e+00 5.941470927610000217e+03
6.138772771279999985e-01 7.401437811960000224e-02 3.983232130320000124e+03
7.279299002919999984e-01 1.520118705890000088e-01 4.384722141019999981e+03
5.823733864750000322e-01 6.095768942919999739e-02 3.904016162649999842e+03
1.028462379870000110e+00 7.994771697770000074e-01 5.693671822000000247e+03
6.758838256320000015e-01 1.094533245869999949e-01 4.180117298279999886e+03
5.597781681250000307e-01 5.322450302020000079e-02 3.855609567420000076e+03
1.001832051769999898e+00 7.040124544260000228e-01 5.601987053740000192e+03
1.559915155870000014e-01 3.174759358139999949e-03 3.120634978869999941e+03
7.511414618480000138e-01 1.756188739439999980e-01 4.485565966760000265e+03
5.361056297980000274e-01 4.635532387369999813e-02 3.812004121299999952e+03
1.142265980909999978e+00 1.322710450320000009e+00 6.009374839629999769e+03
4.919061173540000276e-01 3.624993109519999979e-02 3.747872717209999792e+03
2.729031669449999975e-01 1.084003573759999978e-02 3.497852208629999950e+03
1.521117246690000036e+00 4.926174409999999781e+00 7.144141246670000328e+03
7.099023291420000215e-01 1.357404263260000021e-01 4.310195893869999963e+03
1.083229551739999907e+00 1.026634054360000103e+00 5.859126136220000262e+03
4.504365241289999822e-01 2.917125117049999827e-02 3.703595038590000058e+03
5.547443542900000191e-01 5.166485546470000328e-02 3.845744784760000130e+03
2.805527944630000214e-01 1.144394359969999955e-02 3.513003998199999842e+03
1.447538286319999923e+00 3.949896466129999784e+00 6.857041747600000235e+03
5.484363970819999823e-01 4.978808721200000259e-02 3.833841155770000114e+03
3.994669188980000119e-01 2.255377999350000051e-02 3.659672710989999814e+03
1.268241156270000003e+00 2.161384507659999787e+00 6.301103444620000118e+03
5.255221563469999468e-01 4.364088517120000288e-02 3.794714814150000166e+03
1.025479893520000019e+00 7.883181587559999759e-01 5.683784641909999664e+03
4.647053799199999946e-01 3.139642999029999826e-02 3.717499126950000118e+03
8.004285862150000153e-01 2.369230270990000109e-01 4.713128521179999552e+03
7.895056606720000092e-01 2.219228339369999914e-01 4.661549872790000336e+03
7.236615752139999858e-01 1.480024687369999870e-01 4.366756202110000231e+03
1.290652717399999982e+00 2.343823627249999930e+00 6.358017333269999654e+03
9.183507994399999763e-01 4.608678277930000067e-01 5.266342879740000171e+03
1.882254845879999916e+00 1.234400056079999963e+01 8.628295735350000541e+03
1.560779349029999929e+00 5.518662919999999694e+00 7.306717955609999990e+03
1.652605698929999978e+00 7.083475093889999741e+00 7.691335523460000331e+03
1.041155909880000063e+00 8.483276122959999554e-01 5.734696507880000354e+03
5.397808732900000184e-01 4.734698037010000304e-02 3.818318229569999858e+03
8.058768431759999462e-01 2.447259854080000019e-01 4.739012340319999566e+03
1.862577555849999955e+00 1.180991105300000044e+01 8.551053332470000896e+03
1.356777909909999913e+00 2.947554819460000086e+00 6.546166971159999775e+03
5.381410015240000178e-01 4.690128712580000220e-02 3.815480784079999921e+03
3.834277053099999777e-01 2.079142198110000075e-02 3.645902127329999985e+03
6.071890465070000076e-01 7.099862725710000266e-02 3.965246930759999941e+03
1.220384890150000068e+00 1.806855458670000081e+00 6.187825626869999724e+03
1.348328588059999888e-01 2.200603314689999947e-03 3.016703803219999827e+03
7.551742555249999489e-01 1.800443756579999943e-01 4.503579022560000340e+03
1.745815828080000021e+00 8.971658893549999902e+00 8.079967219459999797e+03
7.810617673959999729e-01 2.108987800480000008e-01 4.622039123429999563e+03
1.319412357780000100e+00 2.594082517719999981e+00 6.435882434809999722e+03
3.580860445549999826e-01 1.822285252269999906e-02 3.622074299270000211e+03
6.570259182340000281e-01 9.711633442240000247e-02 4.114543642650000038e+03
1.271536358979999948e+00 2.187534592020000002e+00 6.309285971270000118e+03
6.260524388089999670e-01 7.987143738290000683e-02 4.017605390960000022e+03
1.459052156050000049e+00 4.092563881150000249e+00 6.900293485279999913e+03
1.630190974690000072e+00 6.675584399989999973e+00 7.597099271590000171e+03
4.625253302189999971e-01 3.104348078039999986e-02 3.715297444190000078e+03
6.552822968179999874e-01 9.604937149770000071e-02 4.108727703919999840e+03
3.534262569220000261e-01 1.777445410480000057e-02 3.617274156179999864e+03
5.687723081009999682e+00 8.451232513800000561e+02 1.836040550290000101e+04
1.243579733610000071e+00 1.972875551560000051e+00 6.241602374150000287e+03
6.818320965839999914e+00 1.591299621269999989e+03 2.035107045020000078e+04
9.784300845619999798e-01 6.276136710199999857e-01 5.515072778540000400e+03
4.561914340909999921e-01 3.004507925310000160e-02 3.709064524849999998e+03
5.167302694040000199e-01 4.153631132650000002e-02 3.781323538640000152e+03
2.361418888869999955e-01 8.089174444040000272e-03 3.410581301480000093e+03
7.068118798360000232e-01 1.331212532369999979e-01 4.297788911380000172e+03
1.813556606049999909e+00 1.055080788869999964e+01 8.355858717420000175e+03
6.458424228150000390e-01 9.047893745849999725e-02 4.077978955340000084e+03
1.208711109560000052e+00 1.727302247699999960e+00 6.161269421869999860e+03
7.325656479359999862e-01 1.564801829559999968e-01 4.404448413729999629e+03
6.031418800150000203e-01 6.924021501490000563e-02 3.954671526829999948e+03
5.330895000549999985e-01 4.556075084870000319e-02 3.806943204499999865e+03
2.314416731340000144e+00 2.887865798229999825e+01 1.017918027049999910e+04
3.211008057829999873e-01 1.482537609380000024e-02 3.578780708780000168e+03
3.252138878920000087e-01 1.518664422989999922e-02 3.584262898099999802e+03
5.807710951800000299e-01 6.036751699270000160e-02 3.900356505019999986e+03
2.690775868959999761e-01 1.054197458270000019e-02 3.489908752769999865e+03
7.879953963750000456e-01 2.199150097620000133e-01 4.654457522360000439e+03
8.276414088860000184e-01 2.781231812320000274e-01 4.843042386359999909e+03
1.547687791820000047e+00 5.317756526370000181e+00 7.252647894599999745e+03
1.545365925030000032e+00 5.282679161239999921e+00 7.243095538290000150e+03
6.484181379419999836e-01 9.196485330100000188e-02 4.086244770620000054e+03
4.055052047300000129e-01 2.325028967470000110e-02 3.664734065980000196e+03
8.874044516129999671e-01 3.899618062399999863e-01 5.126270338379999885e+03
4.900892622579999802e-01 3.589751257160000292e-02 3.745656515619999936e+03
7.859351949509999491e-01 2.172015589209999875e-01 4.644799891140000000e+03
2.277881711590000080e+00 2.708375700259999874e+01 1.005732435919999989e+04
2.387782421639999875e+00 3.273321609589999781e+01 1.041971497369999997e+04
