2.468495492609999786e+00 3.732863763200000307e+01 1.068242289739999978e+04
4.005926447359999809e-01 2.268210076780000084e-02 3.660619742620000125e+03
6.223225206360000206e-01 7.802404609599999930e-02 4.006844769660000111e+03
1.223252579650000005e+00 1.826324043010000064e+00 6.194284779540000272e+03
3.947588455059999890e-01 2.202374184980000066e-02 3.655692824249999830e+03
8.184792313880000503e-01 2.636079625830000106e-01 4.799133067120000305e+03
8.101098490379999850e-01 2.509272509989999844e-01 4.759148701449999862e+03
3.687923286429999781e+00 1.746923880049999980e+02 1.408122574840000016e+04
1.323177917510000023e+00 2.627371421499999915e+00 6.446439009699999588e+03
6.712709563369999577e-01 1.062945846790000065e-01 4.163618285929999729e+03
1.495428534560000022e+00 4.565678235370000060e+00 7.041341208310000184e+03
3.259932683669999887e-01 1.525549108619999976e-02 3.585280632320000223e+03
5.839323232119999485e-01 6.153764731550000200e-02 3.907607812669999930e+03
1.424514488500000065e+00 3.673967271189999995e+00 6.772852012860000286e+03
1.070829391450000001e+00 9.712332532559999621e-01 5.824115590299999894e+03
6.522586395199999609e-01 9.422564960510000642e-02 4.098733482229999936e+03
8.320926145450000533e-01 2.853924863039999926e-01 4.864341875430000073e+03
1.528081435700000101e+00 5.024447006810000005e+00 7.172483767149999949e+03
1.778040402570000067e+00 9.694245515209999553e+00 8.212646276600000419e+03
8.525980629749999595e-01 3.210416234990000062e-01 4.962425487630000134e+03
9.383857901530000545e-01 5.119744069149999577e-01 5.353044314640000266e+03
9.797621493899999479e-01 6.317241533340000048e-01 5.520141474539999763e+03
2.664159281290000014e-01 1.033614962110000063e-02 3.484234306289999950e+03
9.507503613350000160e-01 5.457092032389999625e-01 5.404764952169999560e+03
6.570384308879999580e-01 9.712198141889999414e-02 4.114575712480000220e+03
1.473332602029999938e+00 4.272816856250000406e+00 6.954932368280000446e+03
7.068716884360000119e-01 1.331673709769999880e-01 4.298010315260000425e+03
6.220836450300000209e-01 7.790740024560000032e-02 4.006162778590000016e+03
7.684244388800000047e-01 1.952885210720000098e-01 4.563622103990000141e+03
1.060588489399999945e+00 9.273443815059999595e-01 5.794211551639999925e+03
1.686913375300000073e+00 7.737404235279999654e+00 7.835594914309999695e+03
6.066400772379999529e-01 7.075624019819999611e-02 3.963794422020000184e+03
7.954180273459999784e-01 2.299262919379999881e-01 4.689381400819999726e+03
8.507992725130000267e-01 3.177732920040000075e-01 4.953847385179999947e+03
1.090631092039999972e+00 1.060531195160000051e+00 5.879238013369999862e+03
2.250979466870000056e+00 2.578716138789999945e+01 9.969323355950000405e+03
5.232426797239999594e-01 4.308228721849999970e-02 3.791160181650000141e+03
9.980330047209999833e-01 6.910782881500000530e-01 5.588244761779999862e+03
1.210249449980000058e+00 1.737193101349999935e+00 6.164648759810000229e+03
5.729275464619999481e-01 5.757258996350000241e-02 3.882944372800000110e+03
6.273726263350000165e-01 8.053479690150000536e-02 4.021453163680000216e+03
1.169917375570000084e+00 1.481068979870000080e+00 6.073402389060000132e+03
1.088111772079999984e+00 1.048839354600000107e+00 5.872412000850000368e+03
1.712095881950000120e-01 3.968523646810000367e-03 3.187608944399999928e+03
6.670339622559999793e-01 1.034759829609999959e-01 4.148728424920000180e+03
4.266739986209999724e-01 2.586093611319999902e-02 3.682492159909999828e+03
6.064754114329999890e-01 7.068400815790000513e-02 3.963360915820000173e+03
1.257568754300000036e+00 2.077668115459999854e+00 6.274899342810000235e+03
3.844378559679999974e+00 2.038492688610000130e+02 1.446580293669999992e+04
7.373671663130000331e-01 1.612298214369999871e-01 4.425085601069999939e+03
8.726128939639999915e-01 3.593160902649999988e-01 5.057231299830000353e+03
3.565410482490000144e-01 1.807340277950000157e-02 3.620500359459999800e+03
1.698266512730000066e+00 7.964315437509999818e+00 7.883065800690000287e+03
1.225704789239999926e+00 1.843502591600000073e+00 6.199914678240000285e+03
8.757384435930000155e-01 3.656172131479999976e-01 5.071900447639999584e+03
7.929150320760000037e-01 2.265037693389999884e-01 4.677569179490000352e+03
5.672849073500000339e-01 5.565651954379999961e-02 3.870933000569999876e+03
4.525486733579999754e-01 2.948828365029999843e-02 3.705582988780000051e+03
7.956251324390000157e-01 2.302114734269999907e-01 4.690359888869999850e+03
7.252736849980000455e-01 1.495000778710000033e-01 4.373499593520000417e+03
7.096427209519999835e-01 1.355143019110000013e-01 4.309131439159999900e+03
1.009895707979999946e+00 7.318625815710000371e-01 5.630521168690000195e+03
7.547949559080000537e-01 1.796170164939999980e-01 4.501855961860000207e+03
1.692016170919999896e+00 7.838814844619999889e+00 7.856944468929999857e+03
1.314120818419999948e+00 2.545825503340000129e+00 6.421033621829999902e+03
1.514096387920000009e+00 4.824100711739999880e+00 7.115875710409999556e+03
3.206303759990000168e-01 1.478426314699999959e-02 3.578141648459999942e+03
9.059676811179999678e-01 4.313191185069999989e-01 5.211056545880000158e+03
7.857175056590000040e-01 2.169070270969999936e-01 4.643753011439999682e+03
4.447106223630000188e-01 2.833137630960000028e-02 3.698315220120000049e+03
1.362072377650000110e+00 2.999269625919999793e+00 6.562601290020000306e+03
1.453808878100000035e+00 4.025499354849999989e+00 6.880513910589999796e+03
6.306322188190000011e-01 8.220143609919999816e-02 4.031075130430000172e+03
8.188400164260000169e-01 2.641666146359999967e-01 4.800859272030000284e+03
5.995565151630000145e-01 6.772227628980000136e-02 3.945492040059999908e+03
1.713794154179999918e+00 8.282271918750000239e+00 7.947802079629999753e+03
7.912614092719999492e-01 2.242669247150000100e-01 4.669779489370000192e+03
3.590828291419999818e+00 1.581300630370000135e+02 1.383773782340000071e+04
7.186539081489999869e-01 1.434194962489999947e-01 4.345908148989999972e+03
1.747224847960000105e+00 8.997294805110000127e+00 8.086280297870000140e+03
2.459031585870000036e+00 3.676278708289999742e+01 1.065233215810000002e+04
1.205721208199999950e+00 1.706919698479999914e+00 6.154392839889999777e+03
6.384640385109999761e-01 8.635803876080000441e-02 4.054811930889999985e+03
8.948129376440000504e-01 4.060490417970000210e-01 5.160348847729999761e+03
3.119498663859999743e-01 1.403444455849999981e-02 3.565870414349999919e+03
6.131320235570000277e-01 7.367035833820000101e-02 3.981191640879999795e+03
8.265857514290000374e-01 2.764043029509999916e-01 4.837951604849999967e+03
1.411641518839999998e+00 3.526718193389999811e+00 6.727244739929999923e+03
1.947442933250000063e+00 1.422541564500000000e+01 8.880836743109999588e+03
3.091879921239999995e-01 1.379908671240000044e-02 3.561770071020000159e+03
3.233892638799999997e+00 1.065628013759999959e+02 1.290795214390000001e+04
7.185338272700000362e-01 1.433113606189999889e-01 4.345412058609999804e+03
1.173779180689999979e+00 1.504298928249999889e+00 6.082193742739999834e+03
1.333370101389999896e+00 2.721389065409999919e+00 6.475760512290000406e+03
1.167336686450000105e+00 1.465694283940000009e+00 6.067510752899999716e+03
1.104005594270000001e+00 1.124251177749999941e+00 5.914631995880000431e+03
2.991463028399999891e-01 1.295585483400000029e-02 3.546011644409999917e+03
4.074192174840000069e-01 2.347513623559999846e-02 3.666332882650000101e+03
2.699472699469999792e+00 5.311596701530000075e+01 1.139436424289999923e+04
1.282101104000000102e+00 2.272252900939999876e+00 6.335848774220000450e+03
2.529963516820000091e+00 4.115364860340000064e+01 1.087599860359999911e+04
1.174057458929999909e+00 1.505983219880000057e+00 6.082826192780000383e+03
6.885556469219999975e-01 1.186056884640000059e-01 4.226844058069999846e+03
7.384224459960000431e-01 1.622924979110000054e-01 4.429655760059999920e+03
1.455273041509999921e+00 4.043680332560000146e+00 6.886025615739999921e+03
5.945547864689999518e-01 6.566827859830000336e-02 3.932993894570000066e+03
1.677974613129999959e+00 7.562014792590000312e+00 7.798149008180000237e+03
2.084459372310000003e+00 1.884993636020000096e+01 9.387908530680000695e+03
6.378442987589999502e-01 8.602114428010000646e-02 4.052901854770000227e+03
6.129408385579999674e-01 7.358266540650000576e-02 3.980670751999999993e+03
6.241777168759999883e-01 7.893642727659999636e-02 4.012169044790000044e+03
2.311180652369999866e-01 7.733972724429999911e-03 3.396639916009999979e+03
6.822676157079999859e-01 1.139722759799999957e-01 4.203388105060000271e+03
8.414472166719999535e-01 3.012225007309999869e-01 4.909151278829999683e+03
1.577810328430000020e+00 5.785248424289999747e+00 7.377665827099999660e+03
1.478967800509999986e+00 4.346185157519999898e+00 6.976763128319999851e+03
7.400943599949999507e-01 1.639892504140000040e-01 4.436918077199999971e+03
1.037746233040000021e+00 8.348818772960000523e-01 5.723785186899999644e+03
3.503423477770000183e-01 1.748123606199999958e-02 3.614008821840000110e+03
1.763149841569999987e+00 9.352858309329999287e+00 8.151749335249999604e+03
2.805396550779999942e-01 1.144288143450000045e-02 3.512978988389999813e+03
1.930525346979999890e+00 1.371658640369999915e+01 8.816208463580000171e+03
5.481704182240000334e-01 4.971039763179999765e-02 3.833349412279999797e+03
1.027203939300000091e+00 7.946604610609999675e-01 5.689460579880000296e+03
1.394391715930000109e+00 3.336141554270000142e+00 6.667911368889999721e+03
1.008852464280000083e+00 7.282033116010000473e-01 5.626864763399999902e+03
7.694725565479999529e-01 1.965425684300000087e-01 4.568426880500000152e+03
9.444812231029999783e-01 5.283928340829999737e-01 5.378722643359999893e+03
1.597633113389999915e+00 6.110275604609999966e+00 7.460566806539999561e+03
9.387274121690000195e-01 5.128837930559999592e-01 5.354492608460000156e+03
1.135334517060000020e-01 1.384683311680000002e-03 2.897042384949999814e+03
4.246888263129999785e-01 2.560382713990000045e-02 3.680805386590000126e+03
6.655302858610000483e-01 1.024938556120000011e-01 4.143502888029999667e+03
6.225121504909999492e-01 7.811677948360000456e-02 4.007386742799999865e+03
3.724807186669999992e-01 1.965278316220000002e-02 3.636015107839999928e+03
2.700415974999999857e+00 5.318861608059999924e+01 1.139718984490000003e+04
9.393661258990000373e-01 5.145874505669999488e-01 5.357197527639999862e+03
2.180746162290000123e-01 6.837474709279999820e-03 3.357999174560000029e+03
2.012405461749999791e+00 1.630368379569999959e+01 9.124787326199999370e+03
3.871693351089999791e-01 2.119189080159999961e-02 3.649176026390000061e+03
1.168403819069999905e+00 1.472037402650000049e+00 6.069948735420000048e+03
3.370343898109999792e+00 1.246203596059999938e+02 1.327015413830000034e+04
2.129530491650000190e+00 2.057813145280000100e+01 9.548771970429999783e+03
7.446409792270000105e-01 1.686855606129999963e-01 4.456798702070000218e+03
3.758291537280000205e-01 1.999602583639999848e-02 3.639094924460000129e+03
7.871978843279999749e-01 2.188514677310000045e-01 4.650688767530000405e+03
9.649193233289999894e-01 5.864891632619999573e-01 5.462194410349999998e+03
9.759354547749999886e-01 6.198105721529999501e-01 5.505423698259999583e+03
9.714326213789999942e-01 6.060167837929999468e-01 5.487907078039999760e+03
1.118690020669999896e+00 1.197476357460000029e+00 5.951995082510000429e+03
3.294626769040000180e+00 1.143576076530000023e+02 1.307025086059999921e+04
7.485997939140000002e-01 1.728738697709999994e-01 4.474260591739999654e+03
1.971733635209999891e+00 1.497914190989999916e+01 8.972829198920000636e+03
1.564304305440000098e+00 5.570998359879999917e+00 7.321467567110000346e+03
3.536191921649999848e-01 1.779284931550000060e-02 3.617476376839999830e+03
3.068975473700000234e-01 1.360504299730000075e-02 3.558294784860000163e+03
4.905595237929999963e-01 3.598814137319999995e-02 3.746228047099999912e+03
3.960919021240000060e+00 2.276393213530000139e+02 1.474633119140000053e+04
3.584290665459999858e-01 1.825608372549999969e-02 3.622421908459999941e+03
1.447407260140000096e+00 3.946698425330000148e+00 6.856555172489999677e+03
8.734697042950000379e-01 3.610345322399999834e-01 5.061256871450000290e+03
1.335977279699999964e-01 2.148645803659999902e-03 3.010211476229999789e+03
1.106438902719999895e+00 1.136146472160000087e+00 5.920926304620000337e+03
8.178815823139999885e-01 2.626847460280000157e-01 4.796273952810000083e+03
8.503567640439999575e-01 3.169735093289999805e-01 4.951736059210000349e+03
1.036347051219999926e+00 8.294560659080000287e-01 5.719297203289999743e+03
6.009586367679999874e-01 6.831103485129999542e-02 3.949058654930000102e+03
1.024301607850000018e+00 7.838521958059999628e-01 5.679803059400000166e+03
8.018887070919999971e-01 2.389817003159999953e-01 4.720026333419999901e+03
2.135388545260000104e+00 2.081065869429999893e+01 9.569479962969999178e+03
1.038241123509999975e+00 8.368074558470000035e-01 5.725367672770000354e+03
2.369652633650000118e-01 8.147885835540000579e-03 3.412817674389999866e+03
1.752411673439999928e+00 9.112029506320000749e+00 8.107641296169999805e+03
8.635956530639999906e-01 3.416333175580000270e-01 5.014685427479999817e+03
5.114326453059999666e-01 4.032972826399999766e-02 3.773661711969999942e+03
1.053612534360000019e+00 8.983207233200000141e-01 5.773261373680000361e+03
2.499730569830000138e-01 9.093766322760000673e-03 3.446373877290000109e+03
4.110243792239999805e-01 2.390443718749999877e-02 3.669340706949999912e+03
7.810243819709999924e-01 2.108419780820000033e-01 4.621838098790000004e+03
6.391392050199999897e-01 8.672664794819999468e-02 4.056899038370000198e+03
1.013901675640000111e+00 7.460454903450000064e-01 5.644451353849999578e+03
3.367685803109999876e-01 1.622209434559999941e-02 3.598689999249999801e+03
2.190790928399999782e+00 2.310222965049999999e+01 9.763151145199999519e+03
1.078072891699999980e+00 1.003212381910000062e+00 5.844678747830000248e+03
9.567512593089999573e-01 5.626995498010000096e-01 5.429333565330000056e+03
1.134409226300000073e+00 1.279756306229999918e+00 5.990502917599999819e+03
2.899241390569999854e+00 7.011322925470000200e+01 1.197964805510000042e+04
8.460688510739999835e-01 3.093096941049999771e-01 4.931257401140000184e+03
8.413249873620000097e-01 3.010110315910000112e-01 4.908566251919999559e+03
4.531513601859999962e-01 2.957952847729999890e-02 3.706154239240000152e+03
5.819533192039999525e-01 6.080164707289999887e-02 3.903050650409999889e+03
3.688280511659999816e-01 1.928311564989999838e-02 3.632591401130000122e+03
3.035854429620000183e-01 1.332624451389999992e-02 3.553146386920000168e+03
5.913733264079999996e-01 6.439866462469999442e-02 3.925226273010000114e+03
5.324269910459999977e-01 4.538818535610000121e-02 3.805845741610000005e+03
2.013652157350000138e+00 1.634554424759999947e+01 9.129405079160000241e+03
6.430449169099999862e-01 8.889170576419999636e-02 4.069099346710000191e+03
7.884568096899999823e-01 2.205169536040000045e-01 4.656595214169999963e+03
5.769185797360000256e-01 5.897497952140000332e-02 3.891698494560000199e+03
6.498025057880000288e-01 9.277208525070000655e-02 4.090717086929999823e+03
1.157500768869999946e-01 1.461499508349999900e-03 2.910328875700000026e+03
3.456196410369999916e-01 1.703752763559999994e-02 3.608860656169999857e+03
2.571779511539999952e+00 4.390770976849999840e+01 1.100591043920000084e+04
8.408697391160000478e-01 3.002244945990000247e-01 4.906387145450000389e+03
1.597352267280000016e+00 6.105581733650000231e+00 7.459389586950000194e+03
1.789547469660000001e-01 4.400376121880000130e-03 3.219390576520000195e+03
1.377301050960000106e+00 3.154772448090000125e+00 6.611245125290000033e+03
1.188125099230000092e+00 1.592962994360000106e+00 6.114667863470000157e+03
1.239340362100000092e+00 1.941198830959999899e+00 6.231538965060000010e+03
7.283114681029999593e-01 1.523699635480000036e-01 4.386317542669999966e+03
1.122480295419999941e+00 1.216943204499999931e+00 5.961410599689999799e+03
5.654774236509999552e-01 5.505885658910000119e-02 3.867175177250000161e+03
2.900938135619999803e-01 1.221189855980000030e-02 3.530592261220000182e+03
7.845955586749999711e-01 2.154434220900000030e-01 4.638503717870000401e+03
6.826086438749999763e-01 1.142189478459999935e-01 4.204647040099999685e+03
8.564058218669999833e-01 3.280519570009999830e-01 4.980558444029999919e+03
7.298243483480000293e-01 1.538181825000000114e-01 4.392736880039999960e+03
9.033463723729999728e-01 4.252701317429999905e-01 5.199216349379999883e+03
8.783127665169999654e-01 3.708744972629999803e-01 5.083948946110000179e+03
3.979085591950000111e-01 2.237706214349999972e-02 3.658359783809999954e+03
1.294174904259999925e+00 2.372754271399999837e+00 6.367158253560000048e+03
3.648840395980000206e+00 1.678880180540000140e+02 1.398367247040000075e+04
9.357766590330000023e-01 5.050709513890000446e-01 5.341947780210000019e+03
1.184260290129999893e+00 1.568706307530000066e+00 6.105939450050000232e+03
7.871637744530000091e-01 2.188064950220000027e-01 4.650528839749999861e+03
1.204155714289999901e+00 1.696544680259999938e+00 6.150852464780000446e+03
1.040320826829999934e+00 8.449364742330000011e-01 5.731989857720000145e+03
1.929202238600000063e+00 1.367734233770000074e+01 8.811134414770000149e+03
1.286308512710000018e+00 2.306915193940000108e+00 6.346653562839999722e+03
2.991653624089999908e-01 1.295743718500000016e-02 3.546042863740000030e+03
6.045860057070000515e-01 6.986106639740000124e-02 3.958414232590000211e+03
4.393025467830000141e-01 2.756386629489999962e-02 3.693456650409999838e+03
9.185922650660000022e-01 4.614249201019999802e-01 5.267370745989999705e+03
4.783092499800000175e-01 3.371441835530000070e-02 3.731971903829999974e+03
4.914175900280000064e-01 3.615456897549999826e-02 3.747274643100000048e+03
1.258607601380000052e+00 2.085651350680000071e+00 6.277415270399999827e+03
1.010498937179999945e+00 7.339849079389999531e-01 5.632629983169999832e+03
1.592275890720000087e+00 6.021181735089999876e+00 7.438122691659999873e+03
1.253843613789999978e+00 2.049225357390000113e+00 6.265920087210000020e+03
4.266889072500000268e-01 2.586287738859999880e-02 3.682504857699999775e+03
7.844863991870000275e-01 2.153014819269999935e-01 4.637993325780000305e+03
2.338333943989999941e+00 3.006426091910000054e+01 1.026136501379999936e+04
9.984652492209999952e-01 6.925328419530000224e-01 5.589812121359999765e+03
1.596435365989999910e+00 6.090275190719999898e+00 7.455546675620000315e+03
3.972713975109999907e-01 2.230518968879999925e-02 3.657821699220000028e+03
1.375619851359999979e+00 3.137325279330000161e+00 6.605788475229999676e+03
1.602509358320000077e+00 6.192185166629999848e+00 7.481016293259999657e+03
4.413447363910000254e-01 2.785085636999999961e-02 3.695277845479999996e+03
8.250939382070000550e-01 2.740108424630000039e-01 4.830804034040000261e+03
3.973238180509999773e-01 2.231109506699999884e-02 3.657865993939999953e+03
1.070874910699999960e+00 9.714317761880000290e-01 5.824246307299999899e+03
1.121330418299999909e+00 1.211012609530000006e+00 5.958563422039999750e+03
1.305163861390000068e+00 2.467007621730000100e+00 6.396495540300000357e+03
1.567898553320000055e+00 5.627451355199999838e+00 7.336395774610000444e+03
2.481769163090000063e+00 3.813254014999999697e+01 1.072449568489999911e+04
4.192044731980000272e-01 2.490740954800000143e-02 3.676180410049999864e+03
9.157644970189999789e-01 4.545399139069999928e-01 5.254863240489999953e+03
1.929415126249999890e+00 1.368365132589999966e+01 8.811951019309999538e+03
1.371950321039999920e+00 3.099486196239999991e+00 6.593952556160000313e+03
1.441888252750000099e+00 3.879658332019999989e+00 6.836087108110000372e+03
1.649802179769999988e+00 7.027747433430000079e+00 7.679834799530000055e+03
1.190869147089999913e+00 1.610352967809999924e+00 6.120860560189999887e+03
3.633505803459999850e-01 1.873762892920000089e-02 3.627318160750000061e+03
4.982925893710000165e-01 3.752392492820000314e-02 3.755902248779999809e+03
5.431968131729999483e-01 4.829197554789999708e-02 3.824333287139999811e+03
1.426469030850000097e+00 3.696705729300000076e+00 6.779871746830000120e+03
6.692287948189999947e-01 1.049265722160000053e-01 4.156411191649999637e+03
2.031949884009999874e+00 1.696869603440000063e+01 9.196910580890000347e+03
2.040125344170000132e-01 5.915454921199999640e-03 3.312224367259999781e+03
7.522575041650000349e-01 1.768269780979999928e-01 4.490514645100000052e+03
5.942645317029999763e-01 6.555127174880000240e-02 3.932279372880000210e+03
6.513416452210000207e-01 9.368023113930000478e-02 4.095730678139999782e+03
1.505683014159999944e+00 4.706369402320000006e+00 7.082127025259999755e+03
1.091377092769999946e+00 1.064012045989999988e+00 5.881249289510000381e+03
7.624101564280000298e-01 1.882288719269999966e-01 4.536197745620000205e+03
5.319168605309999576e-01 4.525610911999999875e-02 3.805004420469999786e+03
8.423651378130000422e-01 3.028145581059999980e-01 4.913544164349999846e+03
2.440946648899999794e+00 3.569827917340000312e+01 1.059461083390000022e+04
5.297990092350000069e-01 4.471289579039999795e-02 3.801544185339999785e+03
6.275632142229999877e-01 8.063124051780000412e-02 4.022011592219999784e+03
7.709014504479999585e-01 1.982636827910000121e-01 4.574988895710000179e+03
4.754200186359999747e-01 3.320472432660000195e-02 3.728785969359999854e+03
6.512545776339999648e-01 9.362861391099999708e-02 4.095446177660000103e+03
6.480797253860000051e-01 9.176638565340000664e-02 4.085144763459999922e+03
1.075816586359999993e+00 9.931670434070000164e-01 5.838324328890000288e+03
9.977049640199999736e-01 6.899759683939999944e-01 5.587053897390000202e+03
2.643190491229999939e+00 4.890575695049999894e+01 1.122462861610000073e+04
1.082783311170000040e+00 1.024430807659999942e+00 5.857799719300000106e+03
6.880884155959999804e-01 1.182551568140000064e-01 4.225083593139999721e+03
1.600905148280000079e+00 6.165152202799999870e+00 7.474286756389999937e+03
7.321562265209999865e-01 1.560753136559999976e-01 4.402677051409999876e+03
4.323731490619999729e-01 2.661463970040000085e-02 3.687384035659999881e+03
8.172508547119999855e-01 2.617134073649999837e-01 4.793257137069999771e+03
6.032006114029999644e-01 6.926445631550000315e-02 3.954819164579999779e+03
8.839883465440000476e-01 3.826827529369999925e-01 5.110396854519999579e+03
5.920301557029999939e-01 6.465847012059999788e-02 3.926818378060000214e+03
4.173782563160000070e-01 2.467988408189999983e-02 3.674649155069999779e+03
8.263068829009999616e-01 2.759555528289999726e-01 4.836615404260000105e+03
3.653326648479999772e-01 1.893382671190000158e-02 3.629246709619999820e+03
7.667016495570000423e-01 1.932426451120000110e-01 4.555740599619999557e+03
1.101128769890000081e+00 1.110308631739999941e+00 5.907134549800000059e+03
1.190540819780000037e+00 1.608264891799999985e+00 6.120119727059999605e+03
2.310889745970000075e-01 7.731931565460000051e-03 3.396557688509999934e+03
4.742383077210000075e-01 3.299903564110000243e-02 3.727501096229999803e+03
8.663096493209999638e-01 3.468786742459999961e-01 5.027523440850000043e+03
5.979568328230000507e-01 6.705754283379999903e-02 3.941456642059999922e+03
1.058050299150000040e+00 9.167030404199999483e-01 5.786644256999999925e+03
4.795531069669999868e-01 3.393686776390000132e-02 3.733363365019999947e+03
7.383014132870000523e-01 1.621702922740000108e-01 4.429131056770000214e+03
5.756615611630000462e-01 5.852898954780000329e-02 3.888918042429999787e+03
8.406008869479999479e-01 2.997608015309999874e-01 4.905100141320000148e+03
1.565343328870000050e+00 5.587275962249999672e+00 7.325780809439999757e+03
9.373359380619999959e-01 5.091877094279999572e-01 5.348586803049999617e+03
1.713220149360000111e+00 8.270360194389999364e+00 7.945413277790000393e+03
9.030930156109999718e-01 4.246891105339999917e-01 5.198069413850000274e+03
9.389477954910000479e-01 5.134711228520000281e-01 5.355426345339999898e+03
4.666727552620000274e-01 3.171904906999999801e-02 3.719512930769999912e+03
1.491491562880000066e+00 4.512473757489999571e+00 7.025791575520000151e+03
6.064620124549999769e-01 7.067813420049999518e-02 3.963325657989999854e+03
5.180805721129999597e-01 4.185082893960000161e-02 3.783325013440000021e+03
3.770641082480000073e+00 1.897194658950000132e+02 1.428571747719999985e+04
5.687622267640000118e-01 5.615076011609999862e-02 3.874036627550000048e+03
7.396419538239999980e-01 1.635285308589999875e-01 4.434950350179999987e+03
4.736002978210000158e+00 4.364747671939999805e+02 1.649783511619999990e+04
1.316720539729999917e+00 2.569041073240000195e+00 6.428264131910000287e+03
1.290151937899999934e+00 2.338914579209999900e+00 6.356621638480000001e+03
3.673811829260000272e-01 1.913801370679999933e-02 3.631215360529999998e+03
6.105983871200000301e-01 7.251752787809999379e-02 3.974330826639999941e+03
4.109699115479999998e-01 2.389789505440000073e-02 3.669295268289999967e+03
7.676851813249999656e-01 1.944082850930000106e-01 4.560237636980000389e+03
8.074336087629999659e-01 2.469837393310000129e-01 4.746393395869999949e+03
8.679796073800000178e-01 3.501389191959999869e-01 5.035409428939999998e+03
1.849288913549999913e+00 1.145105724579999951e+01 8.499351236799999242e+03
1.616632405030000053e+00 6.433840188849999642e+00 7.540328475649999746e+03
1.345184588059999964e+00 2.833401583150000125e+00 6.510738465620000170e+03
8.367804622119999758e-01 2.932359986620000081e-01 4.886804290080000101e+03
1.602699711070000088e+00 6.195398456170000401e+00 7.481814929610000036e+03
2.137836158469999859e+00 2.090835957599999873e+01 9.578118860200000199e+03
2.958558965429999854e-01 1.268369456110000036e-02 3.540544697140000153e+03
7.405011893370000431e-01 1.644045672899999977e-01 4.438689208580000013e+03
1.894322119359999945e+00 1.267116355289999952e+01 8.676339906479999627e+03
1.867288824859999918e+00 1.192826011590000057e+01 8.570494317169999704e+03
6.357217052910000277e-01 8.487777375999999707e-02 4.046401216230000045e+03
1.405556090849999995e+00 3.458612651370000179e+00 6.706074594630000320e+03
1.095096779039999912e+00 1.081496662169999956e+00 5.891210923919999914e+03
6.106366452150000512e-01 7.253478675699999434e-02 3.974433747709999807e+03
7.166993709260000012e-01 1.416688636460000095e-01 4.337853270530000373e+03
4.333604947740000157e-01 2.674763819080000146e-02 3.688240144190000137e+03
9.668852307690000147e-01 5.923306243920000158e-01 5.470001623060000384e+03
8.174212577770000321e-01 2.619755320559999934e-01 4.794072130640000069e+03
5.234005115980000511e-01 4.312065439550000212e-02 3.791404416719999972e+03
6.427475388419999769e-01 8.872488247489999924e-02 4.068162828550000086e+03
7.940067469820000223e-01 2.279910905249999953e-01 4.682718144249999568e+03
6.994405135079999614e-01 1.270632189010000024e-01 4.268638402429999587e+03
2.073280038250000068e+00 1.843767764900000117e+01 9.347575645499999155e+03
5.352380456399999931e-01 4.612468062879999942e-02 3.810536927439999999e+03
1.476710121320000013e+00 4.316683214660000267e+00 6.967999047889999929e+03
7.333936791409999545e-01 1.572854621479999881e-01 4.407974209629999677e+03
5.156907261309999768e-01 4.129577986349999841e-02 3.779796657169999889e+03
1.310895208840000103e+00 2.517233354680000090e+00 6.412130625540000437e+03
1.863577592820000017e+00 1.182873904829999923e+01 8.555869512699999177e+03
1.125467795160000062e+00 1.232453014460000107e+00 5.968771217219999926e+03
7.762544454919999559e-01 2.048302766810000120e-01 4.599686877600000116e+03
8.877422861720000169e-01 3.906593665109999725e-01 5.127796524270000191e+03
1.524232437680000052e+00 4.968723908880000373e+00 7.156844664790000024e+03
1.429431612319999934e+00 3.731364472750000161e+00 6.790558333969999694e+03
5.362790566259999503e-01 4.640120045099999785e-02 3.812298033489999852e+03
6.359794713130000332e-01 8.501576172399999409e-02 4.047187234219999937e+03
4.719180777390000192e-01 3.259977785479999807e-02 3.725008209629999783e+03
6.574657677570000525e-01 9.738533386030000238e-02 4.116007586859999719e+03
1.870523936419999922e-01 4.870893232399999689e-03 3.251027198109999972e+03
4.639602168790000203e-01 3.127510961280000057e-02 3.716743798750000224e+03
8.414443715680000047e-01 3.012175770039999811e-01 4.909137661490000028e+03
1.189153468490000032e+00 1.599463779599999969e+00 6.116988979550000295e+03
5.905261392180000124e-01 6.406532671640000065e-02 3.923181622109999807e+03
2.619603976520000210e-01 9.994524568419999727e-03 3.474457952750000004e+03
1.572702381370000069e+00 5.703539610400000015e+00 7.356379771969999638e+03
1.133125430210000006e+00 1.272882623789999945e+00 5.987408837300000414e+03
1.416595636630000099e+00 3.582872752630000157e+00 6.744666007529999661e+03
1.133744782910000026e+00 1.276195304640000083e+00 5.988902589280000029e+03
9.578269291750000081e-01 5.657884691179999592e-01 5.433699677700000393e+03
6.876738737559999759e-01 1.179450010299999962e-01 4.223524002180000025e+03
4.553761409489999745e-01 2.991928445950000140e-02 3.708279569220000212e+03
5.015887421829999804e-01 3.820382057959999939e-02 3.760196294410000064e+03
4.066361707710000051e-01 2.338287255569999890e-02 3.665679179170000225e+03
7.241519378909999638e-01 1.484530758429999930e-01 4.368790924269999778e+03
3.100585751650000166e-01 1.387311160720000082e-02 3.563073107990000153e+03
6.186871291019999664e-01 7.626918377609999411e-02 3.996553666989999783e+03
1.263468028839999924e-01 1.854977062539999930e-03 2.971054015619999973e+03
7.136695728949999928e-01 1.389947732950000125e-01 4.325451798580000286e+03
1.948859987320000098e+00 1.426863284759999928e+01 8.886229208299999300e+03
1.776351678800000000e+00 9.655091583349999951e+00 8.205756069090000892e+03
1.405508663330000019e+00 3.458085620729999921e+00 6.705910609880000266e+03
1.274279977640000006e+00 2.208831816570000051e+00 6.316050609889999578e+03
6.954867755000000429e-01 1.239258260039999976e-01 4.253285685670000021e+03
4.843392973130000279e+00 4.730784066510000230e+02 1.672642589690000023e+04
1.028538014170000015e+00 7.996666476789999756e-01 5.693869451059999847e+03
6.531453126170000401e-01 9.475614683140000383e-02 4.101648190220000288e+03
1.150300750119999993e+00 1.367153300350000045e+00 6.028168959999999970e+03
6.424242613999999740e-01 8.854390201400000326e-02 4.067146165789999941e+03
9.314030908449999480e-01 4.936644056180000129e-01 5.323209442229999695e+03
4.520355112359999983e-01 2.941085644329999998e-02 3.705098068849999891e+03
1.678982964450000059e+00 7.581656839539999915e+00 7.802375939030000154e+03
1.567840733529999975e+00 5.626539987040000135e+00 7.336155461440000181e+03
7.422056502589999827e-01 1.661550381269999987e-01 4.446126323440000306e+03
8.970667691350000528e-01 4.110562404270000081e-01 5.170660796029999801e+03
3.157292217609999896e-01 1.435899200799999921e-02 3.571325646119999874e+03
5.659519138509999658e-01 5.521500688819999669e-02 3.868157468840000092e+03
1.987225294669999975e+00 1.547431766200000069e+01 9.031011454980000053e+03
4.543732402019999839e-01 2.976555256989999940e-02 3.707318225890000122e+03
1.211357907420000046e+00 1.744663522690000024e+00 6.167163359340000170e+03
7.420060385490000465e-01 1.659491635960000100e-01 4.445253963440000007e+03
7.277875811430000175e-01 1.518714157920000030e-01 4.384100128590000168e+03
8.553515584659999726e-01 3.260984501950000003e-01 4.975541628189999756e+03
7.204620794199999567e-01 1.450570580280000077e-01 4.353397453059999862e+03
2.877984195419999724e-01 1.202563818030000058e-02 3.526489513590000115e+03
2.744912876289999915e-01 1.096453170550000002e-02 3.501077436659999876e+03
3.958273255190000173e-01 2.214304844220000082e-02 3.656599582410000039e+03
1.232571507609999895e+00 1.892238203290000031e+00 6.215767288760000156e+03
8.673866402000000031e-01 3.489784105739999753e-01 5.032610488729999815e+03
9.447909736320000418e-01 5.292381179130000168e-01 5.380018213149999610e+03
3.768483317269999966e-01 2.010135595980000120e-02 3.640021983600000112e+03
1.048852667090000024e+00 8.789169142799999612e-01 5.758688576730000023e+03
6.160098493040000456e-01 7.500434725900000099e-02 3.989095137979999890e+03
4.160056906660000164e-01 2.451027013609999999e-02 3.673500367120000192e+03
5.307135904659999737e-01 4.494647261790000320e-02 3.803032041750000189e+03
6.130504410649999514e-01 7.363292391860000452e-02 3.980969303570000193e+03
1.665854925259999897e+00 7.328755920269999891e+00 7.747296074320000116e+03
1.201900161760000030e+00 1.681678285849999899e+00 6.145755288569999720e+03
7.007607448299999486e-01 1.281277647959999932e-01 4.273807844809999551e+03
1.098566976419999897e+00 1.098002574009999899e+00 5.900405932489999941e+03
1.470569483400000044e+00 4.237169097949999852e+00 6.944283172249999552e+03
5.843330290639999758e-01 6.168792718160000244e-02 3.908537094190000062e+03
9.198495251410000462e-01 4.645126654610000072e-01 5.272911221860000296e+03
1.012956517989999972e+00 7.426803280989999756e-01 5.641180438549999963e+03
5.826699053780000082e-01 6.106696160430000186e-02 3.904694561539999995e+03
3.943938303000000256e-01 2.198311196769999962e-02 3.655382535170000210e+03
7.088303419899999458e-01 1.348222201229999917e-01 4.305861742940000113e+03
5.402455407130000165e-01 4.747386869999999787e-02 3.819127627230000144e+03
7.767392892459999976e-01 2.054343919040000077e-01 4.601932495400000334e+03
1.765449044599999961e+00 9.405004648229999376e+00 8.161172837590000199e+03
2.817696040189999973e+00 6.277536090859999973e+01 1.174382525840000017e+04
7.623277161229999876e-01 1.881337007820000073e-01 4.535823619110000436e+03
5.867367663289999591e-01 6.259838587259999865e-02 3.914158088019999923e+03
4.543694956339999758e-01 2.976498034980000137e-02 3.707314646639999864e+03
2.662315900639999899e+00 5.030916511859999929e+01 1.128256150300000081e+04
7.595676361830000500e-01 1.849720698529999929e-01 4.523327054719999978e+03
9.967436377880000142e-01 6.867534322510000511e-01 5.583557312969999657e+03
4.674556228439999961e-01 3.184861390799999942e-02 3.720321138669999982e+03
2.204626261219999883e-01 6.998740307989999646e-03 3.365342832089999774e+03
4.999091222770000176e-01 3.785542750899999892e-02 3.757995109420000063e+03
1.067453980160000038e+00 9.565974089880000530e-01 5.814368778410000232e+03
5.874238987900000097e-01 6.286149522959999514e-02 3.915779571019999821e+03
6.178009855239999792e-01 7.584797648060000175e-02 3.994073697029999948e+03
7.737935820610000182e-01 2.017880736469999936e-01 4.588310768059999646e+03
7.361169229039999928e-01 1.599790643469999885e-01 4.419684958750000078e+03
5.901078190920000521e-01 6.390146214009999326e-02 3.922175704780000160e+03
5.820952886300000406e-01 6.085410432959999921e-02 3.903375781109999934e+03
3.941796524050000250e-01 2.195930189389999967e-02 3.655200340460000007e+03
1.084366516660000057e+00 1.031637928110000102e+00 5.862166530460000104e+03
7.172473710410000036e-01 1.421576614660000071e-01 4.340107353059999696e+03
7.590366365009999505e-01 1.843692901929999961e-01 4.520929471690000355e+03
2.085588882340000172e+00 1.889194750489999919e+01 9.391973844079999253e+03
5.826427489380000546e-01 6.105688248970000259e-02 3.904632133850000173e+03
6.662875846529999757e-01 1.029873055550000055e-01 4.146130771279999863e+03
1.102297576560000048e+00 1.115957504780000109e+00 5.910188035119999768e+03
1.122908387939999919e+00 1.219156668999999971e+00 5.962468562609999935e+03
6.456214275689999837e-01 9.035087840340000342e-02 4.077265743939999993e+03
3.942672448569999877e-01 2.196903682849999859e-02 3.655274864309999884e+03
4.435555177500000168e-01 2.816540226980000089e-02 3.697267630949999784e+03
5.703478793649999767e-01 5.668706106339999745e-02 3.877400229719999970e+03
9.160977815070000529e-01 4.553471004279999734e-01 5.256340677510000205e+03
1.102789813990000090e+00 1.118342948720000063e+00 5.911470956010000009e+03
1.219675078020000081e+00 1.801473966739999932e+00 6.186097370409999712e+03
9.215928381260000135e-01 4.688213446189999911e-01 5.280572401839999657e+03
8.437162785280000188e-01 3.051707474809999820e-01 4.920008356479999748e+03
5.959444765829999824e-01 6.623178930009999965e-02 3.936431227590000162e+03
1.562456612399999889e+00 5.542135739619999946e+00 7.313801890789999561e+03
1.420928535939999904e+00 3.632511954569999979e+00 6.760037326900000153e+03
1.347094008660000064e+00 2.851813635200000085e+00 6.516492126019999887e+03
7.937763260810000165e-01 2.276764699909999967e-01 4.681630982579999909e+03
3.509546547640000069e-01 1.753922582560000012e-02 3.614663080859999809e+03
8.677810689889999818e-01 3.497500038260000221e-01 5.034472432630000185e+03
4.093091334599999742e-01 2.369925138340000029e-02 3.667909848039999815e+03
1.572560317460000023e+00 5.701278957180000440e+00 7.355788284940000267e+03
1.259685871290000092e+00 2.093961262350000130e+00 6.280032271889999720e+03
2.240913204049999941e+00 2.532357626210000134e+01 9.935134988989999329e+03
1.209047240949999935e+00 1.729117510840000094e+00 6.161923419050000120e+03
5.325756519840000314e-01 4.542676527319999824e-02 3.806091493119999996e+03
1.601013940859999929e+00 6.166982827110000009e+00 7.474743073990000084e+03
1.064605600779999994e+00 9.443772157140000179e-01 5.806060522449999553e+03
8.752277229079999943e-01 3.645814787030000059e-01 5.069506473419999566e+03
7.745533091039999984e-01 2.027230008170000097e-01 4.591818925169999602e+03
8.309941494850000554e-01 2.835802503429999954e-01 4.859077544910000142e+03
1.070169392399999975e+00 9.683582490669999654e-01 5.822218125229999714e+03
3.927957968510000231e-01 2.180599148910000035e-02 3.654020755269999881e+03
1.403109294290000086e+00 3.431498584179999867e+00 6.697635126000000128e+03
1.995450172269999989e+00 1.574186337529999946e+01 9.061749765570000818e+03
4.413221902860000045e-01 2.784766938779999895e-02 3.695257652820000203e+03
1.002543941869999955e+00 7.063748184529999863e-01 5.604501629960000173e+03
1.066891360350000095e+00 9.541742063229999848e-01 5.812733790240000417e+03
4.250115939090000072e-01 2.564544448560000106e-02 3.681079114210000171e+03
1.223308436089999951e+00 1.826714020919999903e+00 6.194412849819999792e+03
6.594934053690000297e-01 9.864487128160000229e-02 4.122836121690000255e+03
5.121083015030000185e-01 4.048109067089999957e-02 3.774622375150000153e+03
1.335552085250000021e+00 2.741829925629999831e+00 6.482140054280000186e+03
5.645727532280000460e-01 5.476259820090000063e-02 3.865310572030000003e+03
6.680126162599999695e-01 1.041202788199999951e-01 4.152145994620000238e+03
4.274692273390000019e-01 2.596470246930000086e-02 3.683170124660000056e+03
3.363062469259999965e+00 1.236066478529999983e+02 1.325104507190000004e+04
6.333833379879999503e-01 8.363679325080000670e-02 4.039313875410000037e+03
1.521519870739999947e+00 4.929720177100000100e+00 7.145849364699999569e+03
4.880549820310000064e-01 3.550788931229999917e-02 3.743210370839999996e+03
8.769387942059999608e-01 3.680609583159999976e-01 5.077522283539999989e+03
1.187808926720000047e+00 1.590968256480000065e+00 6.113954139980000036e+03
4.118462164949999726e-01 2.400336102299999858e-02 3.670026362579999841e+03
2.891532838040000164e-01 1.213546351949999942e-02 3.528920838779999940e+03
5.759815219760000549e-01 5.864213463529999865e-02 3.889623744649999935e+03
3.662772162929999742e-01 1.902779475770000062e-02 3.630157466560000103e+03
3.652544061690000121e-01 1.892605494479999984e-02 3.629171014439999908e+03
1.947176718919999994e+00 1.421730700019999993e+01 8.879823329810000359e+03
4.454605792620000004e-01 2.843974247050000057e-02 3.698998407709999810e+03
3.592220771040000038e-01 1.833314774720000082e-02 3.623221662880000167e+03
2.158901270099999881e-01 6.691115107239999950e-03 3.351173667800000203e+03
1.294084991899999926e+00 2.371994086139999958e+00 6.366921594729999924e+03
5.484716341549999985e-01 4.979793424259999768e-02 3.833905365160000201e+03
7.568375110460000554e-01 1.818915604190000090e-01 4.511023049999999785e+03
2.198264448000000204e+00 2.342437611229999916e+01 9.788984270569999353e+03
2.721509600770000148e+00 5.483144456990000037e+01 1.146021522460000051e+04
7.494344487170000457e-01 1.737688371420000044e-01 4.477959608760000265e+03
5.284861719869999863e-01 4.438025901679999718e-02 3.799425418499999978e+03
9.037336996010000290e-01 4.261596207760000032e-01 5.200968902599999637e+03
2.123252297890000140e+00 2.033096720269999835e+01 9.526528560009999637e+03
3.663278557569999982e-01 1.903284127950000126e-02 3.630206146550000085e+03
8.696686394079999882e-01 3.534619016519999768e-01 5.043374538410000241e+03
9.011753904979999952e-01 4.203120938150000097e-01 5.189374095729999681e+03
2.739801217320000148e+00 5.628453408720000084e+01 1.151462173970000003e+04
4.274547839339999933e-01 2.596281382430000104e-02 3.683157798849999836e+03
1.278860468990000054e+00 2.245815637599999803e+00 6.327601140640000267e+03
3.255526222189999985e-01 1.521653371920000074e-02 3.584706202670000039e+03
1.266201724619999913e+00 2.144693626770000083e+00 6.295972055449999971e+03
1.287560981529999982e+00 2.317307624130000132e+00 6.349891485289999764e+03
2.813134792379999860e-01 1.150455521630000012e-02 3.514458851840000079e+03
3.100960196129999846e-01 1.387629883450000080e-02 3.563128933580000194e+03
5.110337691699999851e-01 4.024070786190000332e-02 3.773096825929999795e+03
2.946961526369999973e+00 7.467450502859999517e+01 1.211579186699999991e+04
1.095747367580000020e+00 1.084576864179999989e+00 5.892941949099999874e+03
1.382932011829999919e+00 3.213720828630000081e+00 6.629676127159999851e+03
4.867123187080000246e-01 3.525376973120000063e-02 3.741615060869999979e+03
6.870054468249999768e-01 1.174465636319999978e-01 4.221013900359999752e+03
1.347325685439999976e+00 2.854053522190000081e+00 6.517192148799999813e+03
1.009315477639999958e+00 7.298256299650000001e-01 5.628489015830000426e+03
7.142235656790000276e-01 1.394801490629999918e-01 4.327711623660000441e+03
2.687158818600000054e-01 1.051391689450000000e-02 3.489144965859999957e+03
1.067664619819999938e+00 9.575058313340000238e-01 5.814980136420000235e+03
1.673320820220000060e+00 7.471830937010000007e+00 7.778632254189999912e+03
1.302689975470000094e+00 2.445555192280000067e+00 6.389818461789999674e+03
2.980816266640000101e-01 1.286757170750000082e-02 3.544259574440000051e+03
9.197995525469999656e-01 4.643896227120000164e-01 5.272691246989999854e+03
8.452288483950000098e-01 3.078265290189999837e-01 4.927241824849999830e+03
3.905931732690000047e-01 2.156384690309999866e-02 3.652134089680000216e+03
5.453766176340000271e+00 7.215196074790000011e+02 1.796914909780000016e+04
7.910669908309999609e-01 2.240051984230000126e-01 4.668864413620000050e+03
9.529564956310000445e-01 5.519079230400000258e-01 5.413838569260000440e+03
6.408335041599999560e-01 8.765896947640000603e-02 4.062165001249999932e+03
9.469974113610000188e-01 5.352901767000000088e-01 5.389220448310000393e+03
4.649669704509999946e-01 3.143898091419999874e-02 3.717765977229999862e+03
1.373191301739999926e+00 3.112245645929999860e+00 6.597943868809999913e+03
4.745968967959999785e-01 3.306128312869999891e-02 3.727889891039999839e+03
8.366327250449999697e-01 2.929860857209999891e-01 4.886096551470000122e+03
8.157625942020000354e-01 2.594335198159999911e-01 4.786141051479999987e+03
4.387426136400000010e-01 2.748576727549999904e-02 3.692959999889999835e+03
1.062968011239999955e+00 9.374053419969999856e-01 5.801248985729999731e+03
7.357344486939999539e-01 1.595982137970000103e-01 4.418035820750000312e+03
5.254929878530000265e-01 4.363340110519999676e-02 3.794668963189999886e+03
6.924740982589999705e-01 1.215855272879999976e-01 4.241717951779999566e+03
4.979920547789999929e-01 3.746270149809999978e-02 3.755515904960000171e+03
1.628775572619999945e+00 6.646934172409999952e+00 7.591389759669999876e+03
1.144522976259999991e+00 1.334879639049999955e+00 6.014601162060000206e+03
3.043800714459999890e-01 1.339294063710000024e-02 3.554395008280000184e+03
7.269885830550000261e-01 1.511139722590000012e-01 4.380723763549999603e+03
1.309122081760000000e+00 2.501616080129999808e+00 6.407268547050000052e+03
5.527292400100000114e-01 5.105564481600000093e-02 3.841886046260000057e+03
1.659520762519999915e+00 7.208908022050000142e+00 7.720688490020000245e+03
6.712991146860000091e-01 1.063135718399999957e-01 4.163718055379999896e+03
7.455662271830000298e-01 1.696561205000000072e-01 4.460867464410000139e+03
3.578301249149999919e-01 1.819801071929999861e-02 3.621815018690000215e+03
3.803647520010000171e+00 1.959574995350000108e+02 1.436658062020000034e+04
1.708798695440000071e+00 8.179014251050000794e+00 7.927001383390000228e+03
7.220250343240000035e-01 1.464866053539999879e-01 4.359899889540000004e+03
8.505253087020000491e-01 3.172779373469999942e-01 4.952540279560000272e+03
8.143363191569999993e-01 2.572644448949999996e-01 4.779324745619999703e+03
5.899929347569999871e-01 6.385654375639999991e-02 3.921899872739999864e+03
1.263370205660000023e+00 2.122538265799999824e+00 6.289018331649999709e+03
5.431266992690000350e-01 4.827233856830000225e-02 3.824208376260000023e+03
4.366381857669999755e-01 2.719447172199999929e-02 3.691103241050000179e+03
7.578968869800000174e-01 1.830814003840000037e-01 4.515790548169999965e+03
1.644927243920000004e+00 6.938108176130000082e+00 7.659332736960000148e+03
7.666314982869999461e-01 1.931597422069999959e-01 4.555420098190000317e+03
1.287728391059999922e+00 2.318699297179999785e+00 6.350325035910000224e+03
5.117903184809999839e-01 4.040976562040000247e-02 3.774169663010000022e+03
3.708464676209999866e-01 1.948678710930000155e-02 3.634491925190000075e+03
1.111776963959999920e+00 1.162572292139999908e+00 5.934587718490000043e+03
5.993966866519999659e-01 6.765552744540000163e-02 3.945087235819999933e+03
2.110941644960000030e+00 1.985240090239999944e+01 9.482759898410000460e+03
4.173319363610000221e-01 2.467414078489999982e-02 3.674610360180000043e+03
7.203865133669999921e-01 1.449882733049999983e-01 4.353083746180000162e+03
8.735825307119999827e-01 3.612613193209999740e-01 5.061786727949999658e+03
4.485675782849999904e-01 2.889387089440000056e-02 3.701855397700000140e+03
1.114452105880000099e+00 1.175987429220000102e+00 5.941360878800000137e+03
6.138772771279999985e-01 7.401329255050000111e-02 3.983227064199999859e+03
7.279299002919999984e-01 1.520067016499999923e-01 4.384702229989999978e+03
5.823733864750000322e-01 6.095701320219999719e-02 3.904013466859999880e+03
1.028462379870000110e+00 7.993821823519999814e-01 5.693620002270000441e+03
6.758838256320000015e-01 1.094506245979999931e-01 4.180104702239999824e+03
5.597781681250000307e-01 5.322402344129999879e-02 3.855608148270000129e+03
1.001832051769999898e+00 7.039436103959999524e-01 5.601950801199999660e+03
1.559915155870000014e-01 3.174758003849999927e-03 3.120635033040000053e+03
7.511414618480000138e-01 1.756122441280000002e-01 4.485543231429999651e+03
5.361056297980000274e-01 4.635499078040000026e-02 3.812003743660000055e+03
1.142265980909999978e+00 1.322427813250000028e+00 6.009263771789999737e+03
4.919061173540000276e-01 3.624975815269999846e-02 3.747873444580000069e+03
2.729031669449999975e-01 1.084002153859999970e-02 3.497852395060000163e+03
1.521117246690000036e+00 4.923949642160000195e+00 7.144219244339999932e+03
7.099023291420000215e-01 1.357361762859999876e-01 4.310177944719999687e+03
1.083229551739999907e+00 1.026458343240000071e+00 5.859032721479999964e+03
4.504365241289999822e-01 2.917113940560000021e-02 3.703595615870000074e+03
5.547443542900000191e-01 5.166441146359999903e-02 3.845743610229999831e+03
2.805527944630000214e-01 1.144392774599999919e-02 3.513004196219999812e+03
1.447538286319999923e+00 3.948300075670000187e+00 6.857043238100000053e+03
5.484363970819999823e-01 4.978768421500000263e-02 3.833840269429999807e+03
3.994669188980000119e-01 2.255371444679999879e-02 3.659673143720000098e+03
1.268241156270000003e+00 2.160755699780000150e+00 6.301007025660000181e+03
5.255221563469999468e-01 4.364060269870000119e-02 3.794714820589999817e+03
1.025479893520000019e+00 7.882264611420000122e-01 5.683734707259999595e+03
4.647053799199999946e-01 3.139630023570000317e-02 3.717499751970000034e+03
8.004285862150000153e-01 2.369119471180000103e-01 4.713098606270000346e+03
7.895056606720000092e-01 2.219129263279999986e-01 4.661521673760000340e+03
7.236615752139999858e-01 1.479975330340000117e-01 4.366736773329999778e+03
1.290652717399999982e+00 2.343107650399999908e+00 6.357927451819999987e+03
9.183507994399999763e-01 4.608337746999999762e-01 5.266305202939999617e+03
1.882254845879999916e+00 1.233561437430000041e+01 8.629240694100000837e+03
1.560779349029999929e+00 5.516028112449999909e+00 7.306848467849999906e+03
1.652605698929999978e+00 7.079669989880000180e+00 7.691622841759999574e+03
1.041155909880000063e+00 8.482174860000000205e-01 5.734636245749999944e+03
5.397808732900000184e-01 4.734662775899999704e-02 3.818317707530000007e+03
8.058768431759999462e-01 2.447142751199999910e-01 4.738981936070000302e+03
1.862577555849999955e+00 1.180202278259999993e+01 8.551924807679999503e+03
1.356777909909999913e+00 2.946531520220000200e+00 6.546105364199999713e+03
5.381410015240000178e-01 4.690094335469999903e-02 3.815480327199999920e+03
3.834277053099999777e-01 2.079136675959999958e-02 3.645902521319999778e+03
6.071890465070000076e-01 7.099764494030000317e-02 3.965242434320000029e+03
1.220384890150000068e+00 1.806384569900000070e+00 6.187719522970000071e+03
1.348328588059999888e-01 2.200602613300000048e-03 3.016703842339999937e+03
7.551742555249999489e-01 1.800374557049999880e-01 4.503555760649999684e+03
1.745815828080000021e+00 8.966304815129999994e+00 8.080471405760000380e+03
7.810617673959999729e-01 2.108897003619999988e-01 4.622012215820000165e+03
1.319412357780000100e+00 2.593240925239999939e+00 6.435803011590000096e+03
3.580860445549999826e-01 1.822281073399999868e-02 3.622074637230000008e+03
6.570259182340000281e-01 9.711428130280000404e-02 4.114533824670000286e+03
1.271536358979999948e+00 2.186893526630000029e+00 6.309190429299999778e+03
6.260524388089999670e-01 7.987013619709999734e-02 4.017599182710000150e+03
1.459052156050000049e+00 4.090879661159999792e+00 6.900305301520000285e+03
1.630190974690000072e+00 6.672095447910000310e+00 7.597343446490000133e+03
4.625253302189999971e-01 3.104335395709999917e-02 3.715298061670000152e+03
6.552822968179999874e-01 9.604737002520000178e-02 4.108718118200000390e+03
3.534262569220000261e-01 1.777441445949999935e-02 3.617274484460000167e+03
5.687723081009999682e+00 8.363470732939999834e+02 1.842196074790000057e+04
1.243579733610000071e+00 1.972332670759999962e+00 6.241500270800000180e+03
6.818320965839999914e+00 1.565834074760000021e+03 2.045168961069999932e+04
9.784300845619999798e-01 6.275570300599999651e-01 5.515035905710000407e+03
4.561914340909999921e-01 3.004496056359999903e-02 3.709065120939999815e+03
5.167302694040000199e-01 4.153606527570000151e-02 3.781323830790000102e+03
2.361418888869999955e-01 8.089166528390000221e-03 3.410581437280000046e+03
7.068118798360000232e-01 1.331171441700000069e-01 4.297771279239999785e+03
1.813556606049999909e+00 1.054406926859999949e+01 8.356562071410000499e+03
6.458424228150000390e-01 9.047719460089999333e-02 4.077970565050000005e+03
1.208711109560000052e+00 1.726864574259999952e+00 6.161161770259999685e+03
7.325656479359999862e-01 1.564747489190000118e-01 4.404427966139999626e+03
6.031418800150000203e-01 6.923929047830000572e-02 3.954667356590000054e+03
5.330895000549999985e-01 4.556043299830000309e-02 3.806942941029999929e+03
2.314416731340000144e+00 2.884711477829999993e+01 1.018220815819999916e+04
3.211008057829999873e-01 1.482534902649999993e-02 3.578780974639999840e+03
3.252138878920000087e-01 1.518661576349999986e-02 3.584263171470000088e+03
5.807710951800000299e-01 6.036685696570000259e-02 3.900353910220000216e+03
2.690775868959999761e-01 1.054196116289999978e-02 3.489908933539999907e+03
7.879953963750000456e-01 2.199052550920000126e-01 4.654429558099999667e+03
8.276414088860000184e-01 2.781086203220000108e-01 4.843010090409999975e+03
1.547687791820000047e+00 5.315262996529999562e+00 7.252760129700000107e+03
1.545365925030000032e+00 5.280210067169999633e+00 7.243204630610000095e+03
6.484181379419999836e-01 9.196304326380000393e-02 4.086236063519999789e+03
4.055052047300000129e-01 2.325021980690000073e-02 3.664734514029999900e+03
8.874044516129999671e-01 3.899360412530000208e-01 5.126233848779999789e+03
4.900892622579999802e-01 3.589734294210000093e-02 3.745657235640000181e+03
7.859351949509999491e-01 2.171920094249999988e-01 4.644772244449999562e+03
2.277881711590000080e+00 2.705537408369999852e+01 1.006013590440000007e+04
2.387782421639999875e+00 3.269444729149999773e+01 1.042320574870000019e+04
