2.468495492609999786e+00 3.880860378260000232e+01 1.056703094620000047e+04
4.005926447359999809e-01 2.268403411459999838e-02 3.660607084239999949e+03
6.223225206360000206e-01 7.805995726389999834e-02 4.007015496640000038e+03
1.223252579650000005e+00 1.840316024829999897e+00 6.197343014269999912e+03
3.947588455059999890e-01 2.202555902550000153e-02 3.655680584629999885e+03
8.184792313880000503e-01 2.639962278290000075e-01 4.800054513910000423e+03
8.101098490379999850e-01 2.512841962569999921e-01 4.760048520059999646e+03
3.687923286429999781e+00 1.977435489789999963e+02 1.359075351070000033e+04
1.323177917510000023e+00 2.652416925909999890e+00 6.448652910939999856e+03
6.712709563369999577e-01 1.063682689120000052e-01 4.163964839019999999e+03
1.495428534560000022e+00 4.623591169350000030e+00 7.039800290899999709e+03
3.259932683669999887e-01 1.525632840880000035e-02 3.585272630989999925e+03
5.839323232119999485e-01 6.155784278950000160e-02 3.907689603389999775e+03
1.424514488500000065e+00 3.715685381020000122e+00 6.773258521339999788e+03
1.070829391450000001e+00 9.757239136799999990e-01 5.826534518639999987e+03
6.522586395199999609e-01 9.428151023929999541e-02 4.099001924649999637e+03
8.320926145450000533e-01 2.858369505710000036e-01 4.865297374519999721e+03
1.528081435700000101e+00 5.091298999970000239e+00 7.169815287149999676e+03
1.778040402570000067e+00 9.869603584589999201e+00 8.195172229320000042e+03
8.525980629749999595e-01 3.215843327999999834e-01 4.963428677560000324e+03
9.383857901530000545e-01 5.131607641090000227e-01 5.354159440639999957e+03
9.797621493899999479e-01 6.334010160070000506e-01 5.521228075140000328e+03
2.664159281290000014e-01 1.033652531810000039e-02 3.484229151879999790e+03
9.507503613350000160e-01 5.470275758729999938e-01 5.405878689789999953e+03
6.570384308879999580e-01 9.718188685249999625e-02 4.114862462819999564e+03
1.473332602029999938e+00 4.325231544340000234e+00 6.954068544630000360e+03
7.068716884360000119e-01 1.332873359960000115e-01 4.298525203569999576e+03
6.220836450300000209e-01 7.794318410679999809e-02 4.006332837060000202e+03
7.684244388800000047e-01 1.955208319550000018e-01 4.564354470420000325e+03
1.060588489399999945e+00 9.313560533639999583e-01 5.796392359700000270e+03
1.686913375300000073e+00 7.863953484209999623e+00 7.824925845220000156e+03
6.066400772379999529e-01 7.078465998379999957e-02 3.963924532089999957e+03
7.954180273459999784e-01 2.302336960860000004e-01 4.690232820389999688e+03
8.507992725130000267e-01 3.183066789860000134e-01 4.954846601940000255e+03
1.090631092039999972e+00 1.066085963079999921e+00 5.882158161639999889e+03
2.250979466870000056e+00 2.657747753769999832e+01 9.892897252729999309e+03
5.232426797239999594e-01 4.309023718410000259e-02 3.791157939249999799e+03
9.980330047209999833e-01 6.930196930380000397e-01 5.589294855850000204e+03
1.210249449980000058e+00 1.750094234190000098e+00 6.167762174469999991e+03
5.729275464619999481e-01 5.758968290730000217e-02 3.883006573310000022e+03
6.273726263350000165e-01 8.057350449380000501e-02 4.021638407460000053e+03
1.169917375570000084e+00 1.491013422570000024e+00 6.076618422870000359e+03
1.088111772079999984e+00 1.054247958009999930e+00 5.875265351729999566e+03
1.712095881950000120e-01 3.968583054460000231e-03 3.187607001599999876e+03
6.670339622559999793e-01 1.035452758409999979e-01 4.149056312360000447e+03
4.266739986209999724e-01 2.586347892439999976e-02 3.682477486109999973e+03
6.064754114329999890e-01 7.071235796829999920e-02 3.963490633020000132e+03
1.257568754300000036e+00 2.094896883350000127e+00 6.277755657560000145e+03
3.844378559679999974e+00 2.347204790259999925e+02 1.391004225330000008e+04
7.373671663130000331e-01 1.613968118970000032e-01 4.425699350589999995e+03
8.726128939639999915e-01 3.599725282010000083e-01 5.058275326940000014e+03
3.565410482490000144e-01 1.807459949460000007e-02 3.620490619530000004e+03
1.698266512730000066e+00 8.096308464499999857e+00 7.871644668189999720e+03
1.225704789239999926e+00 1.857708335479999917e+00 6.202961233539999739e+03
8.757384435930000155e-01 3.662931603110000101e-01 5.072950225210000099e+03
7.929150320760000037e-01 2.268033811969999980e-01 4.678408909480000148e+03
5.672849073500000339e-01 5.567220624340000340e-02 3.870986010590000205e+03
4.525486733579999754e-01 2.949161485089999910e-02 3.705566044969999894e+03
7.956251324390000157e-01 2.305195304719999949e-01 4.691212281719999737e+03
7.252736849980000455e-01 1.496466396679999866e-01 4.374072146360000261e+03
7.096427209519999835e-01 1.356379536639999994e-01 4.309654635910000252e+03
1.009895707979999946e+00 7.340899936560000283e-01 5.631723935680000068e+03
7.547949559080000537e-01 1.798181860829999867e-01 4.502533934959999897e+03
1.692016170919999896e+00 7.967789459259999596e+00 7.845940616269999737e+03
1.314120818419999948e+00 2.569664520259999918e+00 6.423359350849999828e+03
1.514096387920000009e+00 4.887001523820000415e+00 7.113709316890000082e+03
3.206303759990000168e-01 1.478504722679999973e-02 3.578133931599999869e+03
9.059676811179999678e-01 4.322110495929999963e-01 5.212151080179999553e+03
7.857175056590000040e-01 2.171852189200000061e-01 4.644559876160000385e+03
4.447106223630000188e-01 2.833444572859999955e-02 3.698298995959999957e+03
1.362072377650000110e+00 3.029921872110000081e+00 6.564240536909999719e+03
1.453808878100000035e+00 4.073404610319999897e+00 6.880194022570000016e+03
6.306322188190000011e-01 8.224205940209999843e-02 4.031270143579999967e+03
8.188400164260000169e-01 2.645562835570000049e-01 4.801781640590000279e+03
5.995565151630000145e-01 6.774783241600000616e-02 3.945605837749999864e+03
1.713794154179999918e+00 8.421993902240000551e+00 7.935309513170000173e+03
7.912614092719999492e-01 2.245614871140000079e-01 4.670611570529999881e+03
3.590828291419999818e+00 1.772628858989999969e+02 1.338595102489999954e+04
7.186539081489999869e-01 1.435559012629999964e-01 4.346459275469999739e+03
1.747224847960000105e+00 9.154806096750000677e+00 8.071308224870000231e+03
2.459031585870000036e+00 3.820467421080000037e+01 1.053882189309999922e+04
1.205721208199999950e+00 1.719457399289999966e+00 6.157522854050000205e+03
6.384640385109999761e-01 8.640364732439999307e-02 4.055031761339999775e+03
8.948129376440000504e-01 4.068552473620000165e-01 5.161429349760000150e+03
3.119498663859999743e-01 1.403514794009999914e-02 3.565863145599999825e+03
6.131320235570000277e-01 7.370167454619999670e-02 3.981337780809999913e+03
8.265857514290000374e-01 2.768252183980000058e-01 4.838893520390000049e+03
1.411641518839999998e+00 3.565925997459999941e+00 6.727938319599999886e+03
1.947442933250000063e+00 1.452679239919999965e+01 8.845508595389999755e+03
3.091879921239999995e-01 1.379976577669999975e-02 3.561762941699999828e+03
3.233892638799999997e+00 1.158455373550000047e+02 1.258608621010000024e+04
7.185338272700000362e-01 1.434475877220000029e-01 4.345962803600000370e+03
1.173779180689999979e+00 1.514500209059999936e+00 6.085404227359999823e+03
1.333370101389999896e+00 2.747816917589999797e+00 6.477837023729999601e+03
1.167336686450000105e+00 1.475470025609999958e+00 6.070730011259999628e+03
1.104005594270000001e+00 1.130559130079999974e+00 5.917817537810000431e+03
2.991463028399999891e-01 1.295645071180000045e-02 3.546005009580000205e+03
4.074192174840000069e-01 2.347721418210000147e-02 3.666319720110000162e+03
2.699472699469999792e+00 5.583006757519999752e+01 1.122781544639999993e+04
1.282101104000000102e+00 2.292141335360000198e+00 6.338506970950000323e+03
2.529963516820000091e+00 4.290231624049999937e+01 1.074797260180000012e+04
1.174057458929999909e+00 1.516203213280000073e+00 6.086036243780000405e+03
6.885556469219999975e-01 1.187002025960000040e-01 4.227275022990000252e+03
7.384224459960000431e-01 1.624613927419999992e-01 4.430273233130000335e+03
1.455273041509999921e+00 4.091912786319999995e+00 6.885666642420000244e+03
5.945547864689999518e-01 6.569198361309999679e-02 3.933096873269999833e+03
1.677974613129999959e+00 7.684398692910000328e+00 7.788053766830000313e+03
2.084459372310000003e+00 1.931694420679999880e+01 9.335321403089999876e+03
6.378442987589999502e-01 8.606633772760000078e-02 4.053119650059999913e+03
6.129408385579999674e-01 7.361389236170000350e-02 3.980816404480000074e+03
6.241777168759999883e-01 7.897334220549999395e-02 4.012345018900000014e+03
2.311180652369999866e-01 7.734183875460000010e-03 3.396636140690000047e+03
6.822676157079999859e-01 1.140586344030000004e-01 4.203786760789999789e+03
8.414472166719999535e-01 3.017096482320000272e-01 4.910129152450000220e+03
1.577810328430000020e+00 5.867733024509999673e+00 7.372964653400000316e+03
1.478967800509999986e+00 4.399961458589999985e+00 6.975732961300000170e+03
7.400943599949999507e-01 1.641612041749999917e-01 4.437541492590000416e+03
1.037746233040000021e+00 8.379788213569999700e-01 5.725484883289999743e+03
3.503423477770000183e-01 1.748235142170000145e-02 3.613999451759999829e+03
1.763149841569999987e+00 9.519414616100000615e+00 8.135510754670000097e+03
2.805396550779999942e-01 1.144334322290000046e-02 3.512973219349999908e+03
1.930525346979999890e+00 1.400304477769999956e+01 8.783002389670000412e+03
5.481704182240000334e-01 4.972210408370000140e-02 3.833375132669999857e+03
1.027203939300000091e+00 7.973992295349999759e-01 5.690960834579999755e+03
1.394391715930000109e+00 3.372177632210000109e+00 6.668961879710000176e+03
1.008852464280000083e+00 7.304025287600000027e-01 5.628050401700000293e+03
7.694725565479999529e-01 1.967774492559999922e-01 4.569163585590000366e+03
9.444812231029999783e-01 5.296428138880000525e-01 5.379837786469999628e+03
1.597633113389999915e+00 6.199722662260000128e+00 7.454941377289999764e+03
9.387274121690000195e-01 5.140736426240000156e-01 5.355607770470000105e+03
1.135334517060000020e-01 1.384692427999999892e-03 2.897041608569999880e+03
4.246888263129999785e-01 2.560631774829999832e-02 3.680790875099999994e+03
6.655302858610000483e-01 1.025616512079999959e-01 4.143824331140000140e+03
6.225121504909999492e-01 7.815279202540000025e-02 4.007558001620000141e+03
3.724807186669999992e-01 1.965421188909999978e-02 3.636004373450000003e+03
2.700415974999999857e+00 5.590915223449999871e+01 1.123041168690000086e+04
9.393661258990000373e-01 5.157838528170000103e-01 5.358312745969999924e+03
2.180746162290000123e-01 6.837640847029999823e-03 3.357995852630000172e+03
2.012405461749999791e+00 1.667021078369999998e+01 9.080945980410000629e+03
3.871693351089999791e-01 2.119356630159999894e-02 3.649164315729999998e+03
1.168403819069999905e+00 1.481882620359999958e+00 6.073166707149999638e+03
3.370343898109999792e+00 1.369539988049999977e+02 1.290094986269999936e+04
2.129530491650000190e+00 2.111900347879999984e+01 9.490236961729999166e+03
7.446409792270000105e-01 1.688660974089999933e-01 4.457438545519999934e+03
3.758291537280000205e-01 1.999750784699999909e-02 3.639083972790000189e+03
7.871978843279999749e-01 2.191339480589999944e-01 4.651502301610000359e+03
9.649193233289999894e-01 5.879736869049999592e-01 5.463299320670000270e+03
9.759354547749999886e-01 6.214359804160000111e-01 5.506515952550000293e+03
9.714326213789999942e-01 6.075833247799999892e-01 5.489005144149999978e+03
1.118690020669999896e+00 1.204481171090000080e+00 5.955206655369999680e+03
3.294626769040000180e+00 1.249052904539999957e+02 1.272767936059999920e+04
7.485997939140000002e-01 1.730622043929999909e-01 4.474915062420000140e+03
1.971733635209999891e+00 1.530288584070000013e+01 8.934315978950000499e+03
1.564304305440000098e+00 5.648983880120000300e+00 7.317358015750000050e+03
3.536191921649999848e-01 1.779400710110000047e-02 3.617466812380000192e+03
3.068975473700000234e-01 1.360570237500000057e-02 3.558287770049999835e+03
4.905595237929999963e-01 3.599311321499999716e-02 3.746207141559999855e+03
3.960919021240000060e+00 2.657855227669999749e+02 1.413953898029999982e+04
3.584290665459999858e-01 1.825730616170000153e-02 3.622412054049999824e+03
1.447407260140000096e+00 3.993193571810000009e+00 6.856402999119999549e+03
8.734697042950000379e-01 3.616962691230000138e-01 5.062302493340000183e+03
1.335977279699999964e-01 2.148665389920000057e-03 3.010210359159999825e+03
1.106438902719999895e+00 1.142565798929999987e+00 5.924116863950000152e+03
8.178815823139999885e-01 2.630706959729999794e-01 4.797193870609999976e+03
8.503567640439999575e-01 3.175046246059999855e-01 4.952734291710000434e+03
1.036347051219999926e+00 8.325032865529999881e-01 5.720969613119999849e+03
6.009586367679999874e-01 6.833713460479999557e-02 3.949175587509999787e+03
1.024301607850000018e+00 7.864988610459999752e-01 5.681250957420000304e+03
8.018887070919999971e-01 2.393101046939999921e-01 4.720904517539999688e+03
2.135388545260000104e+00 2.136181275039999861e+01 9.510144617710000603e+03
1.038241123509999975e+00 8.399221515379999836e-01 5.727077080000000024e+03
2.369652633650000118e-01 8.148119735869999158e-03 3.412813685990000067e+03
1.752411673439999928e+00 9.272445530369999744e+00 8.092262868499999968e+03
8.635956530639999906e-01 3.422361817640000026e-01 5.015711869599999773e+03
5.114326453059999666e-01 4.033632821400000290e-02 3.773648741940000036e+03
1.053612534360000019e+00 9.020315265230000046e-01 5.775288037360000089e+03
2.499730569830000138e-01 9.094057001600000523e-03 3.446369393020000189e+03
4.110243792239999805e-01 2.390659550759999946e-02 3.669327271759999803e+03
7.810243819709999924e-01 2.111069631589999884e-01 4.622624127109999790e+03
6.391392050199999897e-01 8.677271294549999958e-02 4.057121100320000096e+03
1.013901675640000111e+00 7.483840139509999601e-01 5.645721042219999617e+03
3.367685803109999876e-01 1.622304702350000141e-02 3.598681408179999835e+03
2.190790928399999782e+00 2.375901157650000073e+01 9.695933905429999868e+03
1.078072891699999980e+00 1.008070354170000016e+00 5.847274799669999993e+03
9.567512593089999573e-01 5.640862902790000355e-01 5.430444546980000268e+03
1.134409226300000073e+00 1.287575516480000015e+00 5.993730649729999641e+03
2.899241390569999854e+00 7.451885492009999723e+01 1.176089660069999991e+04
8.460688510739999835e-01 3.098192321839999819e-01 4.932245960979999836e+03
8.413249873620000097e-01 3.014975988679999830e-01 4.909543839429999935e+03
4.531513601859999962e-01 2.958288072660000129e-02 3.706137238859999798e+03
5.819533192039999525e-01 6.082124698130000201e-02 3.903128748069999801e+03
3.688280511659999816e-01 1.928448812679999999e-02 3.632580900360000214e+03
3.035854429620000183e-01 1.332687617659999990e-02 3.553139535889999934e+03
5.913733264079999996e-01 6.442126068240000558e-02 3.925322657189999973e+03
5.324269910459999977e-01 4.539736108780000057e-02 3.805852905329999885e+03
2.013652157350000138e+00 1.671364130030000084e+01 9.085420300420000785e+03
6.430449169099999862e-01 8.894049896420000434e-02 4.069334614830000191e+03
7.884568096899999823e-01 2.208031280870000057e-01 4.657414456630000132e+03
5.769185797360000256e-01 5.899314007439999952e-02 3.891767537340000217e+03
6.498025057880000288e-01 9.282597099080000524e-02 4.090976442199999838e+03
1.157500768869999946e-01 1.461509509720000091e-03 2.910328065000000151e+03
3.456196410369999916e-01 1.703858406560000011e-02 3.608851561840000159e+03
2.571779511539999952e+00 4.586194182850000090e+01 1.086888187090000065e+04
8.408697391160000478e-01 3.007089061639999783e-01 4.907363665810000384e+03
1.597352267280000016e+00 6.194927097069999888e+00 7.453777726809999876e+03
1.789547469660000001e-01 4.400448090059999769e-03 3.219388432749999993e+03
1.377301050960000106e+00 3.187875344880000128e+00 6.612620303429999694e+03
1.188125099230000092e+00 1.604165727750000103e+00 6.117849974130000192e+03
1.239340362100000092e+00 1.956641390839999994e+00 6.234512997879999602e+03
7.283114681029999593e-01 1.525214225569999915e-01 4.386900191409999934e+03
1.122480295419999941e+00 1.224137744629999913e+00 5.964627202429999670e+03
5.654774236509999552e-01 5.507411701329999881e-02 3.867225358749999941e+03
2.900938135619999803e-01 1.221242609749999958e-02 3.530586055690000194e+03
7.845955586749999711e-01 2.157184032910000049e-01 4.639305559020000146e+03
6.826086438749999763e-01 1.143057308159999980e-01 4.205047399719999703e+03
8.564058218669999833e-01 3.286148718279999770e-01 4.981569892550000077e+03
7.298243483480000293e-01 1.539721377549999881e-01 4.393324619369999709e+03
9.033463723729999728e-01 4.261412484529999989e-01 5.200307872700000189e+03
8.783127665169999654e-01 3.715668877220000277e-01 5.085003318240000226e+03
3.979085591950000111e-01 2.237894122420000173e-02 3.658347319439999865e+03
1.294174904259999925e+00 2.394066127949999956e+00 6.369701286079999591e+03
3.648840395980000206e+00 1.892840659800000083e+02 1.350894063690000075e+04
9.357766590330000023e-01 5.062309186360000046e-01 5.343062496700000338e+03
1.184260290129999893e+00 1.579631770490000031e+00 6.109130425170000308e+03
7.871637744530000091e-01 2.190888758639999989e-01 4.651342219629999818e+03
1.204155714289999901e+00 1.708958667259999897e+00 6.153987908989999596e+03
1.040320826829999934e+00 8.481267174069999637e-01 5.733740414019999662e+03
1.929202238600000063e+00 1.396265649100000061e+01 8.778091020140000182e+03
1.286308512710000018e+00 2.327290816090000103e+00 6.349272989410000264e+03
2.991653624089999908e-01 1.295803321320000007e-02 3.546036227980000149e+03
6.045860057070000515e-01 6.988862517589999879e-02 3.958539489180000146e+03
4.393025467830000141e-01 2.756676732310000058e-02 3.693440905999999814e+03
9.185922650660000022e-01 4.624231302069999883e-01 5.268477123650000067e+03
4.783092499800000175e-01 3.371878433009999759e-02 3.731952368679999836e+03
4.914175900280000064e-01 3.615958647860000041e-02 3.747253637870000148e+03
1.258607601380000052e+00 2.102986667010000144e+00 6.280264136050000161e+03
1.010498937179999945e+00 7.362287614019999982e-01 5.633842710560000342e+03
1.592275890720000087e+00 6.108704211700000108e+00 7.432753725520000444e+03
1.253843613789999978e+00 2.066076341450000076e+00 6.268802448520000326e+03
4.266889072500000268e-01 2.586542059579999969e-02 3.682490182670000195e+03
7.844863991870000275e-01 2.155761525590000061e-01 4.638794679599999654e+03
2.338333943989999941e+00 3.108857119920000045e+01 1.017036478180000086e+04
9.984652492209999952e-01 6.944808968679999639e-01 5.590861153519999789e+03
1.596435365989999910e+00 6.179289162889999965e+00 7.449979019680000420e+03
3.972713975109999907e-01 2.230705609390000108e-02 3.657809280569999828e+03
1.375619851359999979e+00 3.170150219830000005e+00 6.607193949360000261e+03
1.602509358320000077e+00 6.283412122999999738e+00 7.475153183860000354e+03
4.413447363910000254e-01 2.785381986540000007e-02 3.695261921469999834e+03
8.250939382070000550e-01 2.744255721969999784e-01 4.831742222859999856e+03
3.973238180509999773e-01 2.231296251200000011e-02 3.657853571529999954e+03
1.070874910699999960e+00 9.759246691530000239e-01 5.826666325979999783e+03
1.121330418299999909e+00 1.218149153289999953e+00 5.961778573720000168e+03
1.305163861390000068e+00 2.489684054370000066e+00 6.398923122670000339e+03
1.567898553320000055e+00 5.706615205690000359e+00 7.332131738160000168e+03
2.481769163090000063e+00 3.966734828629999754e+01 1.060643598779999957e+04
4.192044731980000272e-01 2.490976128489999844e-02 3.676166338949999954e+03
9.157644970189999789e-01 4.555134291380000255e-01 5.255967362510000385e+03
1.929415126249999890e+00 1.396914936449999978e+01 8.778881481640000857e+03
1.371950321039999920e+00 3.131710893520000205e+00 6.595423160340000322e+03
1.441888252750000099e+00 3.924964229780000036e+00 6.836075429810000060e+03
1.649802179769999988e+00 7.137680115170000228e+00 7.671445104409999658e+03
1.190869147089999913e+00 1.621755986549999973e+00 6.124035821419999593e+03
3.633505803459999850e-01 1.873892056849999974e-02 3.627308003829999961e+03
4.982925893710000165e-01 3.752932484799999940e-02 3.755880426340000213e+03
5.431968131729999483e-01 4.830281793619999736e-02 3.824352791539999998e+03
1.426469030850000097e+00 3.738815857680000132e+00 6.780232998419999603e+03
6.692287948189999947e-01 1.049981076139999969e-01 4.156748653800000284e+03
2.031949884009999874e+00 1.736049197170000014e+01 9.150788860059999934e+03
2.040125344170000132e-01 5.915580684220000246e-03 3.312221500199999809e+03
7.522575041650000349e-01 1.770227953719999969e-01 4.491182900959999643e+03
5.942645317029999763e-01 6.557487343750000031e-02 3.932381740840000020e+03
6.513416452210000207e-01 9.373534643139999623e-02 4.095995704670000123e+03
1.505683014159999944e+00 4.766982402920000084e+00 7.080248738260000209e+03
1.091377092769999946e+00 1.069610731680000093e+00 5.884189393679999739e+03
7.624101564280000298e-01 1.884469297199999893e-01 4.536905648850000034e+03
5.319168605309999576e-01 4.526521230839999910e-02 3.805011035720000109e+03
8.423651378130000422e-01 3.033060824839999836e-01 4.914524180970000089e+03
2.440946648899999794e+00 3.706970494210000311e+01 1.048464916839999933e+04
5.297990092350000069e-01 4.472170360009999901e-02 3.801548556960000042e+03
6.275632142229999877e-01 8.067005767229999680e-02 4.022197398459999931e+03
7.709014504479999585e-01 1.985021093079999965e-01 4.575731552000000192e+03
4.754200186359999747e-01 3.320895912760000318e-02 3.728766743629999837e+03
6.512545776339999648e-01 9.368365893360000585e-02 4.095710881439999866e+03
6.480797253860000051e-01 9.181892647679999742e-02 4.085397825000000012e+03
1.075816586359999993e+00 9.979079679040000483e-01 5.840864423619999798e+03
9.977049640199999736e-01 6.919123388410000075e-01 5.588104791060000025e+03
2.643190491229999939e+00 5.125864460670000256e+01 1.107146630329999971e+04
1.082783311170000040e+00 1.029540969599999967e+00 5.860514794200000324e+03
6.880884155959999804e-01 1.183490405450000060e-01 4.225512091489999875e+03
1.600905148280000079e+00 6.255790625979999575e+00 7.468502263069999572e+03
7.321562265209999865e-01 1.562331926970000062e-01 4.403272719339999639e+03
4.323731490619999729e-01 2.661733840470000001e-02 3.687368887030000224e+03
8.172508547119999855e-01 2.620969272320000099e-01 4.794175438510000276e+03
6.032006114029999644e-01 6.929144873690000483e-02 3.954941205170000103e+03
8.839883465440000476e-01 3.834126204960000006e-01 5.111460882809999930e+03
5.920301557029999939e-01 6.468129091999999525e-02 3.926916105849999894e+03
4.173782563160000070e-01 2.468219125559999866e-02 3.674635228069999812e+03
8.263068829009999616e-01 2.763753057760000020e-01 4.837556624609999744e+03
3.653326648479999772e-01 1.893514712819999862e-02 3.629236429160000171e+03
7.667016495570000423e-01 1.934707879189999924e-01 4.556465883400000166e+03
1.101128769890000081e+00 1.116486957710000061e+00 5.910313807769999585e+03
1.190540819780000037e+00 1.619643795450000034e+00 6.123295832269999664e+03
2.310889745970000075e-01 7.732142607409999910e-03 3.396553914229999918e+03
4.742383077210000075e-01 3.300321799360000224e-02 3.727481995600000118e+03
8.663096493209999638e-01 3.474972479960000138e-01 5.028555324879999716e+03
5.979568328230000507e-01 6.708249216129999470e-02 3.941566918290000103e+03
1.058050299150000040e+00 9.206029359820000479e-01 5.788768232960000205e+03
4.795531069669999868e-01 3.394129152500000024e-02 3.733343695089999983e+03
7.383014132870000523e-01 1.623389676579999885e-01 4.429748101719999795e+03
5.756615611630000462e-01 5.854680705669999818e-02 3.888984898789999988e+03
8.406008869479999479e-01 3.002439439699999824e-01 4.906076030330000322e+03
1.565343328870000050e+00 5.665600711929999811e+00 7.321626818280000407e+03
9.373359380619999959e-01 5.103633879179999555e-01 5.349701792750000095e+03
1.713220149360000111e+00 8.409790548420000178e+00 7.932961210530000244e+03
9.030930156109999718e-01 4.255582376270000133e-01 5.199160636569999951e+03
9.389477954910000479e-01 5.146632299590000459e-01 5.356541528409999955e+03
4.666727552620000274e-01 3.172291139089999934e-02 3.719494611770000120e+03
1.491491562880000066e+00 4.569375412240000323e+00 7.024376236789999894e+03
6.064620124549999769e-01 7.070647832439999614e-02 3.963455343250000169e+03
5.180805721129999597e-01 4.185815969810000037e-02 3.783317901230000189e+03
3.770641082480000073e+00 2.166523863360000064e+02 1.376118238670000028e+04
5.687622267640000118e-01 5.616680376390000007e-02 3.874091990460000034e+03
7.396419538239999980e-01 1.636996518119999966e-01 4.435572152409999944e+03
4.736002978210000158e+00 5.767666683259999445e+02 1.548761767270000018e+04
1.316720539729999917e+00 2.593226189770000190e+00 6.430558963530000256e+03
1.290151937899999934e+00 2.359743469820000161e+00 6.359204381239999748e+03
3.673811829260000272e-01 1.913936442789999914e-02 3.631204951340000207e+03
6.105983871200000301e-01 7.254768112510000255e-02 3.974470583429999806e+03
4.109699115479999998e-01 2.390005213870000089e-02 3.669281837250000081e+03
7.676851813249999656e-01 1.946387989249999950e-01 4.560966956790000040e+03
8.074336087629999659e-01 2.473311582080000015e-01 4.747286209380000400e+03
8.679796073800000178e-01 3.507673350680000079e-01 5.036444598889999725e+03
1.849288913549999913e+00 1.167336322030000062e+01 8.475251578539999173e+03
1.616632405030000053e+00 6.530375858720000259e+00 7.533753561319999790e+03
1.345184588059999964e+00 2.861507758820000191e+00 6.512644213939999645e+03
8.367804622119999758e-01 2.937014207709999769e-01 4.887771119289999660e+03
1.602699711070000088e+00 6.286695441029999998e+00 7.475942461720000210e+03
2.137836158469999859e+00 2.146385797290000141e+01 9.518447252080000908e+03
2.958558965429999854e-01 1.268426489299999925e-02 3.540538220139999794e+03
7.405011893370000431e-01 1.645772732040000075e-01 4.439314077910000378e+03
1.894322119359999945e+00 1.292750970370000019e+01 8.647411859440000626e+03
1.867288824859999918e+00 1.216375139900000057e+01 8.544526224170000205e+03
6.357217052910000277e-01 8.492157292690000192e-02 4.046612135419999959e+03
1.405556090849999995e+00 3.496676247929999981e+00 6.706897370710000359e+03
1.095096779039999912e+00 1.087318746060000008e+00 5.894251742600000398e+03
6.106366452150000512e-01 7.256495724900000055e-02 3.974573599670000021e+03
7.166993709260000012e-01 1.418024001519999910e-01 4.338398219169999720e+03
4.333604947740000157e-01 2.675036484350000118e-02 3.688224911929999962e+03
9.668852307690000147e-01 5.938395187580000067e-01 5.471104658770000242e+03
8.174212577770000321e-01 2.623597071050000062e-01 4.794990869049999674e+03
5.234005115980000511e-01 4.312862404900000279e-02 3.791402327820000210e+03
6.427475388419999769e-01 8.877346258250000399e-02 4.068397073099999943e+03
7.940067469820000223e-01 2.282940788420000089e-01 4.683562956200000372e+03
6.994405135079999614e-01 1.271736106609999972e-01 4.269129960539999956e+03
2.073280038250000068e+00 1.888773627930000032e+01 9.296406641210000089e+03
5.352380456399999931e-01 4.613426608650000177e-02 3.810547170540000025e+03
1.476710121320000013e+00 4.369910711110000179e+00 6.967036037240000041e+03
7.333936791409999545e-01 1.574454615220000075e-01 4.408574125729999651e+03
5.156907261309999768e-01 4.130283959029999730e-02 3.779787386800000149e+03
1.310895208840000103e+00 2.540648398390000118e+00 6.414493850650000240e+03
1.863577592820000017e+00 1.206146647999999999e+01 8.530293282439999530e+03
1.125467795160000062e+00 1.239800035300000047e+00 5.971991282459999638e+03
7.762544454919999559e-01 2.050824273179999990e-01 4.600452203210000334e+03
8.877422861720000169e-01 3.914149714790000067e-01 5.128866564429999926e+03
1.524232437680000052e+00 5.034469719609999672e+00 7.154317298789999768e+03
1.429431612319999934e+00 3.774074349819999785e+00 6.790850133519999872e+03
5.362790566259999503e-01 4.641094202079999731e-02 3.812309441800000059e+03
6.359794713130000332e-01 8.505972796709999895e-02 4.047398980699999811e+03
4.719180777390000192e-01 3.260385920429999945e-02 3.724989352239999789e+03
6.574657677570000525e-01 9.744561433010000273e-02 4.116296015830000215e+03
1.870523936419999922e-01 4.870980271689999939e-03 3.251024832820000029e+03
4.639602168790000203e-01 3.127886351590000030e-02 3.716725752110000030e+03
8.414443715680000047e-01 3.017047109920000247e-01 4.910115528450000056e+03
1.189153468490000032e+00 1.610741237769999890e+00 6.120168577610000284e+03
5.905261392180000124e-01 6.408763607169999654e-02 3.923276286840000012e+03
2.619603976520000210e-01 9.994875680710000806e-03 3.474452984720000131e+03
1.572702381370000069e+00 5.784299746550000343e+00 7.351905922140000257e+03
1.133125430210000006e+00 1.280632557709999952e+00 5.990635720319999564e+03
1.416595636630000099e+00 3.623032050299999973e+00 6.745251347350000287e+03
1.133744782910000026e+00 1.283978597459999982e+00 5.992129892590000054e+03
9.578269291750000081e-01 5.671877716150000026e-01 5.434810015089999979e+03
6.876738737559999759e-01 1.180383288049999951e-01 4.223950321090000216e+03
4.553761409489999745e-01 2.992271559650000121e-02 3.708262358439999844e+03
5.015887421829999804e-01 3.820946222709999812e-02 3.760175450079999791e+03
4.066361707710000051e-01 2.338493341980000043e-02 3.665666075260000071e+03
7.241519378909999638e-01 1.485978674740000005e-01 4.369359791210000367e+03
3.100585751650000166e-01 1.387379826790000048e-02 3.563065934889999880e+03
6.186871291019999664e-01 7.630320413810000313e-02 3.996714393090000158e+03
1.263468028839999924e-01 1.854992186570000087e-03 2.971053029520000109e+03
7.136695728949999928e-01 1.391239766190000005e-01 4.325987302610000370e+03
1.948859987320000098e+00 1.457128360539999967e+01 8.850719751200000246e+03
1.776351678800000000e+00 9.829434486560000295e+00 8.188424654059999739e+03
1.405508663330000019e+00 3.496140405089999792e+00 6.706734376759999577e+03
1.274279977640000006e+00 2.227839211880000114e+00 6.318777084590000413e+03
6.954867755000000429e-01 1.240301779970000018e-01 4.253754526570000053e+03
4.843392973130000279e+00 6.391397815459999947e+02 1.564799558640000032e+04
1.028538014170000015e+00 8.024486787860000137e-01 5.695394152920000124e+03
6.531453126170000401e-01 9.481273738289999753e-02 4.101919964790000449e+03
1.150300750119999993e+00 1.375872580470000051e+00 6.031400010800000018e+03
6.424242613999999740e-01 8.859225148919999682e-02 4.067379301030000079e+03
9.314030908449999480e-01 4.947812443180000241e-01 5.324322948840000208e+03
4.520355112359999983e-01 2.941416982860000154e-02 3.705081173070000204e+03
1.678982964450000059e+00 7.704505353770000120e+00 7.792216765410000335e+03
1.567840733529999975e+00 5.705684773869999837e+00 7.331893927019999865e+03
7.422056502589999827e-01 1.663309289109999867e-01 4.446757318429999941e+03
8.970667691350000528e-01 4.118791741239999915e-01 5.171744385029999648e+03
3.157292217609999896e-01 1.435972971419999938e-02 3.571318184119999842e+03
5.659519138509999658e-01 5.523037811789999890e-02 3.868208387570000014e+03
1.987225294669999975e+00 1.581291945209999916e+01 8.990380352190000849e+03
4.543732402019999839e-01 2.976894791210000016e-02 3.707301110259999859e+03
1.211357907420000046e+00 1.757654895109999948e+00 6.170272507059999953e+03
7.420060385490000465e-01 1.661246785720000008e-01 4.445884238179999556e+03
7.277875811430000175e-01 1.520220193419999921e-01 4.384681024270000307e+03
8.553515584659999726e-01 3.266557058860000140e-01 4.976550811289999729e+03
7.204620794199999567e-01 1.451961688939999995e-01 4.353954354669999702e+03
2.877984195419999724e-01 1.202614934019999998e-02 3.526483414469999843e+03
2.744912876289999915e-01 1.096495506289999963e-02 3.501071935280000162e+03
3.958273255190000173e-01 2.214488640699999872e-02 3.656587266890000137e+03
1.232571507609999895e+00 1.907056471640000028e+00 6.218778942850000021e+03
8.673866402000000031e-01 3.496033162509999959e-01 5.033644497469999806e+03
9.447909736320000418e-01 5.304914057030000185e-01 5.381133321219999743e+03
3.768483317269999966e-01 2.010285452429999911e-02 3.640010965190000206e+03
1.048852667090000024e+00 8.824335953869999472e-01 5.760613737749999927e+03
6.160098493040000456e-01 7.503703722799999476e-02 3.989248731279999902e+03
4.160056906660000164e-01 2.451254434999999843e-02 3.673486547609999889e+03
5.307135904659999737e-01 4.495540684970000117e-02 3.803037375689999863e+03
6.130504410649999514e-01 7.366420201050000172e-02 3.981115235379999831e+03
1.665854925259999897e+00 7.445658964649999767e+00 7.737953516620000300e+03
1.201900161760000030e+00 1.693915753790000034e+00 6.148898279650000404e+03
7.007607448299999486e-01 1.282399691289999866e-01 4.274304865770000106e+03
1.098566976419999897e+00 1.104039836149999898e+00 5.903542543489999844e+03
1.470569483400000044e+00 4.288926105039999825e+00 6.943499359909999839e+03
5.843330290639999758e-01 6.170824536550000017e-02 3.908619642099999965e+03
9.198495251410000462e-01 4.655220245400000234e-01 5.274018525729999965e+03
1.012956517989999972e+00 7.449922246589999464e-01 5.642434172569999646e+03
5.826699053780000082e-01 6.108677516779999900e-02 3.904773987560000023e+03
3.943938303000000256e-01 2.198492209040000048e-02 3.655370321389999845e+03
7.088303419899999458e-01 1.349447799329999975e-01 4.306382490439999856e+03
5.402455407130000165e-01 4.748422763570000343e-02 3.819143601409999974e+03
7.767392892459999976e-01 2.056878206599999925e-01 4.602699903640000230e+03
1.765449044599999961e+00 9.572898090320000719e+00 8.144746749249999993e+03
2.817696040189999973e+00 6.640509129190000692e+01 1.154725653500000044e+04
7.623277161229999876e-01 1.883515689299999907e-01 4.536531192100000226e+03
5.867367663289999591e-01 6.261945550179999487e-02 3.914245245630000227e+03
4.543694956339999758e-01 2.976837555919999850e-02 3.707297531369999888e+03
2.662315900639999899e+00 5.277988728969999954e+01 1.112491634499999964e+04
7.595676361830000500e-01 1.851836760159999984e-01 4.524023650410000300e+03
9.967436377880000142e-01 6.886751107990000120e-01 5.584610518630000115e+03
4.674556228439999961e-01 3.185250812269999759e-02 3.720302740300000096e+03
2.204626261219999883e-01 6.998914118889999585e-03 3.365339429420000215e+03
4.999091222770000176e-01 3.786092179759999871e-02 3.757973089929999787e+03
1.067453980160000038e+00 9.609251159039999823e-01 5.816707646619999650e+03
5.874238987900000097e-01 6.288278458069999910e-02 3.915868067880000126e+03
6.178009855239999792e-01 7.588155079059999419e-02 3.994232040750000124e+03
7.737935820610000182e-01 2.020338275889999868e-01 4.589065598510000200e+03
7.361169229039999928e-01 1.601438247030000095e-01 4.420294323850000183e+03
5.901078190920000521e-01 6.392363123489999688e-02 3.922269526080000105e+03
5.820952886300000406e-01 6.087374638879999855e-02 3.903454141140000047e+03
3.941796524050000250e-01 2.196110788970000172e-02 3.655188141820000055e+03
1.084366516660000057e+00 1.036835269480000044e+00 5.864922266990000026e+03
7.172473710410000036e-01 1.422919963750000072e-01 4.340654027040000074e+03
7.590366365009999505e-01 1.845797108970000100e-01 4.521623973020000449e+03
2.085588882340000172e+00 1.936069716329999935e+01 9.339242176489999110e+03
5.826427489380000546e-01 6.107668791530000002e-02 3.904711509339999793e+03
6.662875846529999757e-01 1.030558513100000018e-01 4.146455448339999748e+03
1.102297576560000048e+00 1.122188229770000101e+00 5.913369891899999857e+03
1.122908387939999919e+00 1.226372898870000006e+00 5.965685688810000102e+03
6.456214275689999837e-01 9.040155599660000540e-02 4.077510007330000008e+03
3.942672448569999877e-01 2.197084451109999892e-02 3.655262659479999911e+03
4.435555177500000168e-01 2.816843491439999930e-02 3.697251510390000021e+03
5.703478793649999767e-01 5.670349658409999660e-02 3.877458159790000082e+03
9.160977815070000529e-01 4.563234990139999891e-01 5.257445077649999803e+03
1.102789813990000090e+00 1.124595850089999960e+00 5.914653888570000163e+03
1.219675078020000081e+00 1.815158722859999907e+00 6.189171912879999581e+03
9.215928381260000135e-01 4.698463372109999980e-01 5.281680910609999955e+03
8.437162785280000188e-01 3.056687774040000027e-01 4.920991509210000004e+03
5.959444765829999824e-01 6.625599514119999423e-02 3.936537156110000069e+03
1.562456612399999889e+00 5.619520814200000380e+00 7.309770928889999595e+03
1.420928535939999904e+00 3.673518350630000207e+00 6.760525711719999890e+03
1.347094008660000064e+00 2.880198891510000081e+00 6.518369084959999782e+03
7.937763260810000165e-01 2.279787428070000066e-01 4.682474719779999759e+03
3.509546547640000069e-01 1.754034901560000068e-02 3.614653674650000085e+03
8.677810689889999818e-01 3.503772425050000194e-01 5.035507214459999886e+03
4.093091334599999742e-01 2.370137110639999878e-02 3.667896543129999827e+03
1.572560317460000023e+00 5.781991532790000221e+00 7.351320695039999919e+03
1.259685871290000092e+00 2.111407724929999841e+00 6.282873319760000413e+03
2.240913204049999941e+00 2.609009214829999834e+01 9.860296156550000887e+03
1.209047240949999935e+00 1.741921341340000096e+00 6.165041370730000381e+03
5.325756519840000314e-01 4.543596224859999810e-02 3.806098817269999927e+03
1.601013940859999929e+00 6.257661070420000193e+00 7.468953263460000016e+03
1.064605600779999994e+00 9.485713369789999794e-01 5.808333040800000163e+03
8.752277229079999943e-01 3.652542041380000271e-01 5.070555324089999885e+03
7.745533091039999984e-01 2.029707135300000131e-01 4.592576982309999948e+03
8.309941494850000554e-01 2.840199261890000160e-01 4.860030357159999767e+03
1.070169392399999975e+00 9.728166445789999672e-01 5.824621276339999895e+03
3.927957968510000231e-01 2.180777102429999961e-02 3.654008654149999984e+03
1.403109294290000086e+00 3.469109666820000104e+00 6.698508695919999809e+03
1.995450172269999989e+00 1.608854376260000052e+01 9.019966426540000612e+03
4.413221902860000045e-01 2.785063218620000003e-02 3.695241730809999808e+03
1.002543941869999955e+00 7.084098585139999571e-01 5.605586288860000423e+03
1.066891360350000095e+00 9.584752451789999572e-01 5.815059465409999575e+03
4.250115939090000072e-01 2.564794351000000000e-02 3.681064576440000110e+03
1.223308436089999951e+00 1.840710842970000094e+00 6.197470823069999824e+03
6.594934053690000297e-01 9.870696219989999465e-02 4.123132610869999553e+03
5.121083015030000185e-01 4.048776165640000091e-02 3.774609979939999903e+03
1.335552085250000021e+00 2.768561528469999811e+00 6.484185971009999776e+03
5.645727532280000460e-01 5.477764949890000235e-02 3.865359358300000167e+03
6.680126162599999695e-01 1.041905631660000053e-01 4.152478126490000250e+03
4.274692273390000019e-01 2.596726649040000112e-02 3.683155385399999886e+03
3.363062469259999965e+00 1.357577544030000070e+02 1.288444102319999911e+04
6.333833379879999503e-01 8.367910453400000115e-02 4.039517386030000125e+03
1.521519870739999947e+00 4.994695001990000272e+00 7.143420104740000170e+03
4.880549820310000064e-01 3.551273039019999661e-02 3.743189753430000110e+03
8.769387942059999608e-01 3.687445301239999917e-01 5.078574219660000381e+03
1.187808926720000047e+00 1.602148096090000085e+00 6.117137010100000225e+03
4.118462164949999726e-01 2.400553807009999860e-02 3.670012864589999936e+03
2.891532838040000164e-01 1.213598430119999967e-02 3.528914676970000073e+03
5.759815219760000549e-01 5.866003886150000096e-02 3.889691154770000139e+03
3.662772162929999742e-01 1.902912907540000101e-02 3.630147126880000087e+03
3.652544061690000121e-01 1.892737421480000098e-02 3.629160738879999826e+03
1.947176718919999994e+00 1.451844483740000058e+01 8.844529181980000430e+03
4.454605792620000004e-01 2.844283600640000118e-02 3.698982115960000101e+03
3.592220771040000038e-01 1.833438112170000106e-02 3.623211760140000024e+03
2.158901270099999881e-01 6.691274440100000373e-03 3.351170418839999911e+03
1.294084991899999926e+00 2.393295052480000074e+00 6.369465529549999701e+03
5.484716341549999985e-01 4.980969509489999864e-02 3.833931473050000022e+03
7.568375110460000554e-01 1.820971367220000081e-01 4.511708937530000185e+03
2.198264448000000204e+00 2.409662719840000022e+01 9.720660300060000736e+03
2.721509600770000148e+00 5.769934069149999800e+01 1.128826511869999922e+04
7.494344487170000457e-01 1.739588554060000070e-01 4.478617202110000107e+03
5.284861719869999863e-01 4.438888832030000314e-02 3.799428426020000188e+03
9.037336996010000290e-01 4.270337866910000058e-01 5.202060882239999955e+03
2.123252297890000140e+00 2.086099887099999961e+01 9.468844301940000150e+03
3.663278557569999982e-01 1.903417634599999936e-02 3.630195803680000154e+03
8.696686394079999882e-01 3.541004101140000082e-01 5.044412982030000421e+03
9.011753904979999952e-01 4.211662871699999866e-01 5.190462989310000012e+03
2.739801217320000148e+00 5.928568866970000073e+01 1.133812031439999919e+04
4.274547839339999933e-01 2.596537745859999954e-02 3.683143060779999814e+03
1.278860468990000054e+00 2.265335170060000181e+00 6.330288221619999604e+03
3.255526222189999985e-01 1.521736656590000000e-02 3.584698224939999818e+03
1.266201724619999913e+00 2.162823866820000163e+00 6.298763981369999783e+03
1.287560981529999982e+00 2.337830086379999894e+00 6.352499091290000251e+03
2.813134792379999860e-01 1.150502209650000086e-02 3.514453048079999917e+03
3.100960196129999846e-01 1.387698582340000063e-02 3.563121758580000005e+03
5.110337691699999851e-01 4.024726620789999959e-02 3.773083518689999892e+03
2.946961526369999973e+00 7.959723610339999311e+01 1.188351048149999951e+04
1.095747367580000020e+00 1.090438786850000064e+00 5.896000591469999563e+03
1.382932011829999919e+00 3.247768362640000017e+00 6.630947717930000181e+03
4.867123187080000246e-01 3.525854221889999918e-02 3.741594596209999963e+03
6.870054468249999768e-01 1.175390015529999971e-01 4.221436722739999823e+03
1.347325685439999976e+00 2.882472790670000062e+00 6.519065591720000157e+03
1.009315477639999958e+00 7.320373233160000215e-01 5.629682241030000114e+03
7.142235656790000276e-01 1.396101345409999916e-01 4.328248842699999841e+03
2.687158818600000054e-01 1.051430575220000004e-02 3.489139713819999997e+03
1.067664619819999938e+00 9.618435585010000066e-01 5.817323955079999905e+03
1.673320820220000060e+00 7.592087741090000286e+00 7.768829460079999990e+03
1.302689975470000094e+00 2.467918560389999794e+00 6.392272937839999940e+03
2.980816266640000101e-01 1.286815922939999954e-02 3.544252990899999986e+03
9.197995525469999656e-01 4.653985366460000050e-01 5.273798514959999920e+03
8.452288483950000098e-01 3.083319314840000103e-01 4.928228461959999549e+03
3.905931732690000047e-01 2.156558504159999945e-02 3.652122142549999808e+03
5.453766176340000271e+00 1.137278306290000046e+03 1.636259804439999971e+04
7.910669908309999609e-01 2.242991722459999893e-01 4.669695599339999717e+03
9.529564956310000445e-01 5.532510952410000238e-01 5.414951457170000140e+03
6.408335041599999560e-01 8.770619938210000299e-02 4.062392729329999838e+03
9.469974113610000188e-01 5.365672409609999471e-01 5.390335204209999574e+03
4.649669704509999946e-01 3.144277468170000173e-02 3.717747829980000006e+03
1.373191301739999926e+00 3.144672350580000053e+00 6.599392599239999981e+03
4.745968967959999785e-01 3.306548132409999757e-02 3.727870752540000012e+03
8.366327250449999697e-01 2.934508342509999923e-01 4.887063027109999894e+03
8.157625942020000354e-01 2.598113597460000035e-01 4.787055528040000354e+03
4.387426136400000010e-01 2.748865140790000133e-02 3.692944304399999965e+03
1.062968011239999955e+00 9.415242562779999602e-01 5.803483855829999811e+03
7.357344486939999539e-01 1.597622975319999972e-01 4.418643850409999686e+03
5.254929878530000265e-01 4.364163616930000211e-02 3.794668935539999893e+03
6.924740982589999705e-01 1.216854891690000023e-01 4.242170030149999548e+03
4.979920547789999929e-01 3.746808406539999664e-02 3.755494118940000135e+03
1.628775572619999945e+00 6.748220659280000255e+00 7.584174092150000433e+03
1.144522976259999991e+00 1.343262427470000020e+00 6.017832565919999979e+03
3.043800714459999890e-01 1.339357886890000029e-02 3.554388118150000082e+03
7.269885830550000261e-01 1.512632799120000038e-01 4.381301995179999722e+03
1.309122081760000000e+00 2.524800615609999799e+00 6.409651990870000191e+03
5.527292400100000114e-01 5.106820109819999731e-02 3.841917770259999998e+03
1.659520762519999915e+00 7.323021745190000154e+00 7.711727860730000430e+03
6.712991146860000091e-01 1.063872861299999945e-01 4.164064735060000203e+03
7.455662271830000298e-01 1.698384523210000052e-01 4.461510699440000280e+03
3.578301249149999919e-01 1.819922494709999908e-02 3.621805200700000114e+03
3.803647520010000171e+00 2.245943705790000138e+02 1.382816904570000042e+04
1.708798695440000071e+00 8.316213547529999417e+00 7.914858967860000121e+03
7.220250343240000035e-01 1.466280961579999875e-01 4.360461829789999683e+03
8.505253087020000491e-01 3.178099168790000095e-01 4.953538887269999577e+03
8.143363191569999993e-01 2.576369121029999931e-01 4.780235542680000435e+03
5.899929347569999871e-01 6.387867448120000680e-02 3.921993463050000173e+03
1.263370205660000023e+00 2.140368792729999914e+00 6.291832002199999806e+03
5.431266992690000350e-01 4.828316922459999910e-02 3.824227795450000031e+03
4.366381857669999755e-01 2.719729322900000038e-02 3.691087728189999780e+03
7.578968869800000174e-01 1.832892973190000108e-01 4.516480573159999949e+03
1.644927243920000004e+00 7.045988026649999902e+00 7.651222633450000103e+03
7.666314982869999461e-01 1.933877167589999890e-01 4.556145094849999623e+03
1.287728391059999922e+00 2.339241450019999835e+00 6.352931052160000036e+03
5.117903184809999839e-01 4.041640308609999871e-02 3.774156996709999930e+03
3.708464676209999866e-01 1.948819043140000151e-02 3.634481295760000194e+03
1.111776963959999920e+00 1.169241594899999903e+00 5.937788314370000080e+03
5.993966866519999659e-01 6.768102230589999324e-02 3.945200679040000068e+03
2.110941644960000030e+00 2.036170445959999853e+01 9.426722900680000748e+03
4.173319363610000221e-01 2.467644683889999926e-02 3.674596436809999886e+03
7.203865133669999921e-01 1.451272700740000032e-01 4.353640405279999868e+03
8.735825307119999827e-01 3.619237567320000015e-01 5.062832558819999576e+03
4.485675782849999904e-01 2.889706640800000087e-02 3.701838823109999794e+03
1.114452105880000099e+00 1.182784969449999890e+00 5.944565995840000141e+03
6.138772771279999985e-01 7.404495904129999861e-02 3.983375113340000098e+03
7.279299002919999984e-01 1.521575371409999988e-01 4.385283601410000301e+03
5.823733864750000322e-01 6.097673808379999727e-02 3.904092341990000023e+03
1.028462379870000110e+00 8.021617450360000179e-01 5.695143311859999812e+03
6.758838256320000015e-01 1.095293923359999949e-01 4.180472452650000378e+03
5.597781681250000307e-01 5.323801184460000280e-02 3.855649762770000052e+03
1.001832051769999898e+00 7.059607891950000491e-01 5.603024342269999579e+03
1.559915155870000014e-01 3.174797456200000121e-03 3.120633454199999960e+03
7.511414618480000138e-01 1.758057494680000110e-01 4.486207253440000386e+03
5.361056297980000274e-01 4.636470617539999867e-02 3.812014956909999910e+03
1.142265980909999978e+00 1.330682057229999993e+00 6.012494825310000124e+03
4.919061173540000276e-01 3.625480185189999816e-02 3.747852382370000214e+03
2.729031669449999975e-01 1.084043519909999934e-02 3.497846962850000182e+03
1.521117246690000036e+00 4.988810632599999906e+00 7.141804451979999612e+03
7.099023291420000215e-01 1.358601789489999878e-01 4.310701926540000386e+03
1.083229551739999907e+00 1.031592951159999938e+00 5.861759221170000274e+03
4.504365241289999822e-01 2.917439790140000100e-02 3.703578868909999983e+03
5.547443542900000191e-01 5.167736204099999953e-02 3.845778084760000183e+03
2.805527944630000214e-01 1.144438962059999947e-02 3.512998426600000130e+03
1.447538286319999923e+00 3.994823751979999837e+00 6.856887683429999925e+03
5.484363970819999823e-01 4.979943869080000196e-02 3.833866331910000099e+03
3.994669188980000119e-01 2.255562486149999962e-02 3.659660566980000112e+03
1.268241156270000003e+00 2.179104283740000092e+00 6.303782907279999563e+03
5.255221563469999468e-01 4.364884152089999747e-02 3.794714822020000156e+03
1.025479893520000019e+00 7.909101859789999800e-01 5.685203720710000198e+03
4.647053799199999946e-01 3.140008360290000300e-02 3.717481630910000149e+03
8.004285862150000153e-01 2.372355028529999910e-01 4.713972914949999904e+03
7.895056606720000092e-01 2.222022119719999911e-01 4.662345697880000444e+03
7.236615752139999858e-01 1.481415572349999987e-01 4.367304036120000092e+03
1.290652717399999982e+00 2.363996183429999842e+00 6.360505324949999704e+03
9.183507994399999763e-01 4.618298555559999796e-01 5.267411397259999831e+03
1.882254845879999916e+00 1.258249310929999965e+01 8.601657014779999372e+03
1.560779349029999929e+00 5.592871225569999716e+00 7.302888362669999879e+03
1.652605698929999978e+00 7.190796615460000041e+00 7.683070308280000063e+03
1.041155909880000063e+00 8.514384995970000203e-01 5.736403480119999585e+03
5.397808732900000184e-01 4.735691248260000263e-02 3.818333136339999783e+03
8.058768431759999462e-01 2.450562580990000017e-01 4.739870657270000265e+03
1.862577555849999955e+00 1.203400950630000033e+01 8.526453577980000773e+03
1.356777909909999913e+00 2.976366508939999989e+00 6.547831074460000309e+03
5.381410015240000178e-01 4.691097021670000144e-02 3.815493853699999818e+03
3.834277053099999777e-01 2.079297610660000087e-02 3.645891065129999788e+03
6.071890465070000076e-01 7.102629922530000195e-02 3.965373858980000023e+03
1.220384890150000068e+00 1.820129848599999933e+00 6.190790898469999775e+03
1.348328588059999888e-01 2.200623045719999910e-03 3.016702702070000214e+03
7.551742555249999489e-01 1.802394369310000022e-01 4.504235197209999569e+03
1.745815828080000021e+00 9.123033850529999711e+00 8.065608701639999708e+03
7.810617673959999729e-01 2.111547883459999886e-01 4.622798408290000225e+03
1.319412357780000100e+00 2.617788570040000096e+00 6.438065208779999921e+03
3.580860445549999826e-01 1.822402846359999842e-02 3.622064803690000190e+03
6.570259182340000281e-01 9.717417578900000574e-02 4.114820525969999835e+03
1.271536358979999948e+00 2.205599313390000038e+00 6.311939704929999607e+03
6.260524388089999670e-01 7.990809303939999664e-02 4.017780559910000193e+03
1.459052156050000049e+00 4.139964771009999822e+00 6.899844183629999861e+03
1.630190974690000072e+00 6.773947098729999894e+00 7.590051336790000278e+03
4.625253302189999971e-01 3.104705179410000015e-02 3.715280157470000177e+03
6.552822968179999874e-01 9.610575767149999449e-02 4.108998042920000444e+03
3.534262569220000261e-01 1.777556971129999955e-02 3.617264931510000224e+03
5.687723081009999682e+00 1.418508535480000091e+03 1.649967995270000029e+04
1.243579733610000071e+00 1.988176809340000073e+00 6.244449085960000048e+03
6.747891705479999835e+00 5.544224470600000132e+03 6.509495981029999712e+03
9.784300845619999798e-01 6.292158311209999910e-01 5.516124549850000221e+03
4.561914340909999921e-01 3.004842108509999873e-02 3.709047832419999850e+03
5.167302694040000199e-01 4.154324171950000283e-02 3.781315491840000050e+03
2.361418888869999955e-01 8.089397124659999244e-03 3.410577479260000018e+03
7.068118798360000232e-01 1.332370307909999940e-01 4.298285989660000268e+03
1.813556606049999909e+00 1.074180765350000044e+01 8.335935874299999341e+03
6.458424228150000390e-01 9.052803705310000226e-02 4.078215610690000176e+03
1.208711109560000052e+00 1.739641305219999934e+00 6.164280973619999713e+03
7.325656479359999862e-01 1.566333265410000120e-01 4.405025036469999577e+03
6.031418800150000203e-01 6.926625914129999617e-02 3.954789261859999897e+03
5.330895000549999985e-01 4.556970376390000188e-02 3.806950821769999948e+03
2.314416731340000144e+00 2.980221002289999888e+01 1.009534121100000084e+04
3.211008057829999873e-01 1.482613767060000053e-02 3.578773233060000166e+03
3.252138878920000087e-01 1.518744518189999934e-02 3.584255211849999796e+03
5.807710951800000299e-01 6.038610926440000221e-02 3.900429838179999933e+03
2.690775868959999761e-01 1.054235211989999928e-02 3.489903666069999872e+03
7.879953963750000456e-01 2.201900705519999890e-01 4.655246704430000136e+03
8.276414088860000184e-01 2.785339623490000194e-01 4.843954631409999820e+03
1.547687791820000047e+00 5.387976114509999803e+00 7.249337440829999650e+03
1.545365925030000032e+00 5.352209023970000423e+00 7.239874394239999674e+03
6.484181379419999836e-01 9.201584569569999650e-02 4.086490352979999898e+03
4.055052047300000129e-01 2.325225622980000087e-02 3.664721494419999999e+03
8.874044516129999671e-01 3.906892984559999782e-01 5.127303360560000328e+03
4.900892622579999802e-01 3.590228994729999928e-02 3.745636384519999865e+03
7.859351949509999491e-01 2.174708281359999940e-01 4.645580086979999578e+03
2.277881711590000080e+00 2.791237100309999875e+01 9.979374521780000578e+03
2.387782421639999875e+00 3.387536942210000035e+01 1.032331704010000067e+04
