2.468495492609999786e+00 3.858724756640000209e+01 1.058337977030000002e+04
4.005926447359999809e-01 2.268375749939999936e-02 3.660608890739999879e+03
6.223225206360000206e-01 7.805481537260000602e-02 4.006991016620000210e+03
1.223252579650000005e+00 1.838311472120000012e+00 6.196908263379999880e+03
3.947588455059999890e-01 2.202529903869999972e-02 3.655682331659999818e+03
8.184792313880000503e-01 2.639405718819999858e-01 4.799922305060000326e+03
8.101098490379999850e-01 2.512330343599999960e-01 4.759919438179999815e+03
3.687923286429999781e+00 1.937862293070000135e+02 1.366024783790000038e+04
1.323177917510000023e+00 2.648831292360000145e+00 6.448343151129999569e+03
6.712709563369999577e-01 1.063577177860000056e-01 4.163915178829999604e+03
1.495428534560000022e+00 4.615304735749999665e+00 7.040038293479999993e+03
3.259932683669999887e-01 1.525620864170000070e-02 3.585273774769999818e+03
5.839323232119999485e-01 6.155495127780000186e-02 3.907677862110000206e+03
1.424514488500000065e+00 3.709717511420000058e+00 6.773213793939999960e+03
1.070829391450000001e+00 9.750797995040000332e-01 5.826187656060000336e+03
6.522586395199999609e-01 9.427351156839999802e-02 4.098963450190000003e+03
8.320926145450000533e-01 2.857732292979999755e-01 4.865160235059999650e+03
1.528081435700000101e+00 5.081731618770000125e+00 7.170216583870000250e+03
1.778040402570000067e+00 9.844393977659999351e+00 8.197699075520000406e+03
8.525980629749999595e-01 3.215065078839999813e-01 4.963284611650000443e+03
9.383857901530000545e-01 5.129904291550000384e-01 5.353998663479999777e+03
9.797621493899999479e-01 6.331600703719999501e-01 5.521070825519999744e+03
2.664159281290000014e-01 1.033647158659999933e-02 3.484229889209999783e+03
9.507503613350000160e-01 5.468382455389999564e-01 5.405717964219999885e+03
6.570384308879999580e-01 9.717330894740000558e-02 4.114821366510000189e+03
1.473332602029999938e+00 4.317732561049999696e+00 6.954208345830000326e+03
7.068716884360000119e-01 1.332701561799999879e-01 4.298451433539999925e+03
6.220836450300000209e-01 7.793806044550000145e-02 4.006308452790000047e+03
7.684244388800000047e-01 1.954875474370000032e-01 4.564249473169999874e+03
1.060588489399999945e+00 9.307805419560000182e-01 5.796079352630000358e+03
1.686913375300000073e+00 7.845803779689999757e+00 7.826479319170000053e+03
6.066400772379999529e-01 7.078059082370000143e-02 3.963905869589999838e+03
7.954180273459999784e-01 2.301896415269999996e-01 4.690110714110000117e+03
8.507992725130000267e-01 3.182301925600000136e-01 4.954703114310000274e+03
1.090631092039999972e+00 1.065289490759999902e+00 5.881740128409999670e+03
2.250979466870000056e+00 2.646105591079999897e+01 9.903769104619999780e+03
5.232426797239999594e-01 4.308909901969999734e-02 3.791158236530000067e+03
9.980330047209999833e-01 6.927406288240000043e-01 5.589142522430000099e+03
1.210249449980000058e+00 1.748245814789999963e+00 6.167319136690000050e+03
5.729275464619999481e-01 5.758723563850000338e-02 3.882997638289999941e+03
6.273726263350000165e-01 8.056796216110000131e-02 4.021611848290000125e+03
1.169917375570000084e+00 1.489588297030000064e+00 6.076159662809999645e+03
1.088111772079999984e+00 1.053472406400000061e+00 5.874856791719999819e+03
1.712095881950000120e-01 3.968574558520000101e-03 3.187607279589999962e+03
6.670339622559999793e-01 1.035353535920000012e-01 4.149009325070000159e+03
4.266739986209999724e-01 2.586311506109999908e-02 3.682479578590000074e+03
6.064754114329999890e-01 7.070829882819999745e-02 3.963472026800000094e+03
1.257568754300000036e+00 2.092429160210000028e+00 6.277350981800000227e+03
3.844378559679999974e+00 2.292981662329999892e+02 1.398938243259999945e+04
7.373671663130000331e-01 1.613728923580000085e-01 4.425611389540000346e+03
8.726128939639999915e-01 3.598783707609999882e-01 5.058125297829999909e+03
3.565410482490000144e-01 1.807442830500000097e-02 3.620492011039999852e+03
1.698266512730000066e+00 8.077373400959999117e+00 7.873305956920000426e+03
1.225704789239999926e+00 1.855673189270000023e+00 6.202528230930000063e+03
8.757384435930000155e-01 3.661962005320000269e-01 5.072799352580000232e+03
7.929150320760000037e-01 2.267604444040000056e-01 4.678288483549999910e+03
5.672849073500000339e-01 5.566996032839999914e-02 3.870978392129999975e+03
4.525486733579999754e-01 2.949113810149999945e-02 3.705568458979999832e+03
7.956251324390000157e-01 2.304753822570000110e-01 4.691090035520000129e+03
7.252736849980000455e-01 1.496256482399999921e-01 4.373990099749999899e+03
7.096427209519999835e-01 1.356202455409999952e-01 4.309579673520000142e+03
1.009895707979999946e+00 7.337698338610000315e-01 5.631549661559999549e+03
7.547949559080000537e-01 1.797893667159999875e-01 4.502436751139999615e+03
1.692016170919999896e+00 7.949289914859999584e+00 7.847542092370000319e+03
1.314120818419999948e+00 2.566251354279999841e+00 6.423033109490000243e+03
1.514096387920000009e+00 4.878000451400000159e+00 7.114037933270000394e+03
3.206303759990000168e-01 1.478493507689999931e-02 3.578135034800000085e+03
9.059676811179999678e-01 4.320830539930000103e-01 5.211993571899999552e+03
7.857175056590000040e-01 2.171453545200000002e-01 4.644444174010000097e+03
4.447106223630000188e-01 2.833400646529999831e-02 3.698301308099999915e+03
1.362072377650000110e+00 3.025535311700000118e+00 6.564015376850000393e+03
1.453808878100000035e+00 4.066551235180000390e+00 6.880254862640000283e+03
6.306322188190000011e-01 8.223624274230000031e-02 4.031242185229999905e+03
8.188400164260000169e-01 2.645004261860000039e-01 4.801649298399999680e+03
5.995565151630000145e-01 6.774417331099999440e-02 3.945589511759999823e+03
1.713794154179999918e+00 8.401942945849999234e+00 7.937124291240000275e+03
7.912614092719999492e-01 2.245192746199999867e-01 4.670492244039999605e+03
3.590828291419999818e+00 1.740230010770000035e+02 1.344975438070000018e+04
7.186539081489999869e-01 1.435363654980000014e-01 4.346380304469999828e+03
1.747224847960000105e+00 9.132182821329999811e+00 8.073477738749999844e+03
2.459031585870000036e+00 3.798917017389999984e+01 1.055490686060000007e+04
1.205721208199999950e+00 1.717661002370000078e+00 6.157077311549999649e+03
6.384640385109999761e-01 8.639711677570000026e-02 4.055000248700000157e+03
8.948129376440000504e-01 4.067395725669999962e-01 5.161273941739999827e+03
3.119498663859999743e-01 1.403504733500000011e-02 3.565864184869999917e+03
6.131320235570000277e-01 7.369719063500000666e-02 3.981316822329999923e+03
8.265857514290000374e-01 2.767648769200000136e-01 4.838758348979999937e+03
1.411641518839999998e+00 3.560317315259999837e+00 6.727851827909999884e+03
1.947442933250000063e+00 1.448314034050000032e+01 8.850570545919999859e+03
3.091879921239999995e-01 1.379966865040000053e-02 3.561763961080000172e+03
3.233892638799999997e+00 1.143456677199999945e+02 1.263131026399999973e+04
7.185338272700000362e-01 1.434280774539999914e-01 4.345883887349999895e+03
1.173779180689999979e+00 1.513038307209999989e+00 6.084946350019999954e+03
1.333370101389999896e+00 2.744033771679999845e+00 6.477547504060000392e+03
1.167336686450000105e+00 1.474069056809999889e+00 6.070270731739999974e+03
1.104005594270000001e+00 1.129654835640000021e+00 5.917361924269999690e+03
2.991463028399999891e-01 1.295636548560000038e-02 3.546005958369999917e+03
4.074192174840000069e-01 2.347691686840000166e-02 3.666321598200000153e+03
2.699472699469999792e+00 5.541611253819999661e+01 1.125132054299999982e+04
1.282101104000000102e+00 2.289293139979999836e+00 6.338131645409999692e+03
2.529963516820000091e+00 4.263949521840000045e+01 1.076609165609999945e+04
1.174057458929999909e+00 1.514738632050000033e+00 6.085578434949999973e+03
6.885556469219999975e-01 1.186866683989999949e-01 4.227213275699999940e+03
7.384224459960000431e-01 1.624372002239999890e-01 4.430184737440000390e+03
1.455273041509999921e+00 4.085012573190000218e+00 6.885733158719999665e+03
5.945547864689999518e-01 6.568858957129999898e-02 3.933082096980000188e+03
1.677974613129999959e+00 7.666849580490000093e+00 7.789524933280000369e+03
2.084459372310000003e+00 1.924879816789999865e+01 9.342825614629999109e+03
6.378442987589999502e-01 8.605986662389999986e-02 4.053088428890000159e+03
6.129408385579999674e-01 7.360942123109999458e-02 3.980795515809999870e+03
6.241777168759999883e-01 7.896805657840000325e-02 4.012319787360000191e+03
2.311180652369999866e-01 7.734153678129999758e-03 3.396636680850000175e+03
6.822676157079999859e-01 1.140462682040000036e-01 4.203729639799999859e+03
8.414472166719999535e-01 3.016398001619999825e-01 4.909988767079999889e+03
1.577810328430000020e+00 5.855923169649999593e+00 7.373659788500000104e+03
1.478967800509999986e+00 4.392267496309999686e+00 6.975896896590000324e+03
7.400943599949999507e-01 1.641365731720000054e-01 4.437452143659999820e+03
1.037746233040000021e+00 8.375343024829999816e-01 5.725240267649999623e+03
3.503423477770000183e-01 1.748219187329999938e-02 3.614000790600000073e+03
1.763149841569999987e+00 9.495481277239999685e+00 8.137861225829999967e+03
2.805396550779999942e-01 1.144327717739999917e-02 3.512974044510000112e+03
1.930525346979999890e+00 1.396159356549999941e+01 8.787764214650000213e+03
5.481704182240000334e-01 4.972042807209999665e-02 3.833371423690000029e+03
1.027203939300000091e+00 7.970059703099999782e-01 5.690744516740000108e+03
1.394391715930000109e+00 3.367022389869999799e+00 6.668823273619999782e+03
1.008852464280000083e+00 7.300864186240000331e-01 5.627878584480000427e+03
7.694725565479999529e-01 1.967437962169999999e-01 4.569057965009999862e+03
9.444812231029999783e-01 5.294633252699999515e-01 5.379676936179999757e+03
1.597633113389999915e+00 6.186913002709999887e+00 7.455769933540000238e+03
9.387274121690000195e-01 5.139028052470000496e-01 5.355446984289999818e+03
1.135334517060000020e-01 1.384691124239999975e-03 2.897041719639999883e+03
4.246888263129999785e-01 2.560596135880000013e-02 3.680792944559999796e+03
6.655302858610000483e-01 1.025519433819999937e-01 4.143778266690000237e+03
6.225121504909999492e-01 7.814763561769999534e-02 4.007533445420000135e+03
3.724807186669999992e-01 1.965400749790000012e-02 3.636005906500000037e+03
2.700415974999999857e+00 5.549417962780000124e+01 1.125394881200000054e+04
9.393661258990000373e-01 5.156120727409999605e-01 5.358151944469999762e+03
2.180746162290000123e-01 6.837617087369999951e-03 3.357996327939999901e+03
2.012405461749999791e+00 1.661691367639999939e+01 9.087210544379999192e+03
3.871693351089999791e-01 2.119332659279999850e-02 3.649165987589999986e+03
1.168403819069999905e+00 1.480471703040000087e+00 6.072707635630000368e+03
3.370343898109999792e+00 1.349265378389999910e+02 1.295286961650000012e+04
2.129530491650000190e+00 2.103989145959999973e+01 9.498582870649999677e+03
7.446409792270000105e-01 1.688402360210000119e-01 4.457346837629999754e+03
3.758291537280000205e-01 1.999729583030000063e-02 3.639085536739999952e+03
7.871978843279999749e-01 2.190934685589999986e-01 4.651385640929999681e+03
9.649193233289999894e-01 5.877604400979999921e-01 5.463139670919999844e+03
9.759354547749999886e-01 6.212024460730000142e-01 5.506357953060000000e+03
9.714326213789999942e-01 6.073582682720000125e-01 5.488846380400000271e+03
1.118690020669999896e+00 1.203477052110000001e+00 5.954747544779999771e+03
3.294626769040000180e+00 1.231881093639999989e+02 1.277582418630000029e+04
7.485997939140000002e-01 1.730352251270000086e-01 4.474821253979999710e+03
1.971733635209999891e+00 1.525592452539999933e+01 8.939827846160000263e+03
1.564304305440000098e+00 5.637819737000000053e+00 7.317967689760000212e+03
3.536191921649999848e-01 1.779384148200000015e-02 3.617468178900000112e+03
3.068975473700000234e-01 1.360560806490000024e-02 3.558288773090000177e+03
4.905595237929999963e-01 3.599240148189999933e-02 3.746210115469999892e+03
3.960919021240000060e+00 2.589667172329999971e+02 1.422683349219999945e+04
3.584290665459999858e-01 1.825713129150000058e-02 3.622413461860000098e+03
1.447407260140000096e+00 3.986542040749999849e+00 6.856439478090000193e+03
8.734697042950000379e-01 3.616013505499999781e-01 5.062152230419999796e+03
1.335977279699999964e-01 2.148662588840000165e-03 3.010210518979999961e+03
1.106438902719999895e+00 1.141645549759999989e+00 5.923660568770000282e+03
8.178815823139999885e-01 2.630153722649999914e-01 4.797061882930000138e+03
8.503567640439999575e-01 3.174284643420000052e-01 4.952590947290000258e+03
1.036347051219999926e+00 8.320658861380000326e-01 5.720728873209999620e+03
6.009586367679999874e-01 6.833339765670000399e-02 3.949158812489999946e+03
1.024301607850000018e+00 7.861187698699999560e-01 5.681042044120000355e+03
8.018887070919999971e-01 2.392630375589999969e-01 4.720778560550000293e+03
2.135388545260000104e+00 2.128117106870000086e+01 9.518603704720000678e+03
1.038241123509999975e+00 8.394750912139999910e-01 5.726831084880000162e+03
2.369652633650000118e-01 8.148086284949999925e-03 3.412814256629999818e+03
1.752411673439999928e+00 9.249401700230000856e+00 8.094490458909999688e+03
8.635956530639999906e-01 3.421497188140000256e-01 5.015564413330000207e+03
5.114326453059999666e-01 4.033538333699999978e-02 3.773650576300000012e+03
1.053612534360000019e+00 9.014991050570000386e-01 5.774996947179999552e+03
2.499730569830000138e-01 9.094015430069999142e-03 3.446370034560000022e+03
4.110243792239999805e-01 2.390628668849999888e-02 3.669329188539999905e+03
7.810243819709999924e-01 2.110689929179999924e-01 4.622511419419999584e+03
6.391392050199999897e-01 8.676611703509999607e-02 4.057089268090000132e+03
1.013901675640000111e+00 7.480478952479999721e-01 5.645537170089999563e+03
3.367685803109999876e-01 1.622291075220000031e-02 3.598682636030000140e+03
2.190790928399999782e+00 2.366261313329999894e+01 9.705506648290000157e+03
1.078072891699999980e+00 1.007373631139999892e+00 5.846902757589999965e+03
9.567512593089999573e-01 5.638871200449999677e-01 5.430284139000000323e+03
1.134409226300000073e+00 1.286454746149999995e+00 5.993269495870000355e+03
2.899241390569999854e+00 7.383360302309999668e+01 1.179168627580000066e+04
8.460688510739999835e-01 3.097461697569999783e-01 4.932104023179999785e+03
8.413249873620000097e-01 3.014278340900000130e-01 4.909403495599999587e+03
4.531513601859999962e-01 2.958240096290000107e-02 3.706139660880000065e+03
5.819533192039999525e-01 6.081844074759999719e-02 3.903117535800000041e+03
3.688280511659999816e-01 1.928429178550000039e-02 3.632582400169999801e+03
3.035854429620000183e-01 1.332678583130000004e-02 3.553140515550000146e+03
5.913733264079999996e-01 6.441802543270000458e-02 3.925308825499999784e+03
5.324269910459999977e-01 4.539604742259999853e-02 3.805851854940000067e+03
2.013652157350000138e+00 1.666011281930000010e+01 9.091705215509999107e+03
6.430449169099999862e-01 8.893351237129999698e-02 4.069300891289999981e+03
7.884568096899999823e-01 2.207621187259999895e-01 4.657296975500000372e+03
5.769185797360000256e-01 5.899053993839999815e-02 3.891757622160000210e+03
6.498025057880000288e-01 9.281825513230000657e-02 4.090939269099999819e+03
1.157500768869999946e-01 1.461508079380000004e-03 2.910328180980000070e+03
3.456196410369999916e-01 1.703843294929999891e-02 3.608852861410000060e+03
2.571779511539999952e+00 4.556720989629999963e+01 1.088826101630000085e+04
8.408697391160000478e-01 3.006394508420000000e-01 4.907223476930000288e+03
1.597352267280000016e+00 6.182132045650000407e+00 7.454604325039999821e+03
1.789547469660000001e-01 4.400437797839999894e-03 3.219388739489999807e+03
1.377301050960000106e+00 3.183138844790000199e+00 6.612433977689999665e+03
1.188125099230000092e+00 1.602560440530000019e+00 6.117396505609999622e+03
1.239340362100000092e+00 1.954429246569999945e+00 6.234090820620000159e+03
7.283114681029999593e-01 1.524997292299999918e-01 4.386816695479999908e+03
1.122480295419999941e+00 1.223106448870000085e+00 5.964167434459999640e+03
5.654774236509999552e-01 5.507193213440000207e-02 3.867218145490000097e+03
2.900938135619999803e-01 1.221235064710000061e-02 3.530586943190000056e+03
7.845955586749999711e-01 2.156789993800000138e-01 4.639190578849999838e+03
6.826086438749999763e-01 1.142933038169999943e-01 4.204990034749999722e+03
8.564058218669999833e-01 3.285341456699999996e-01 4.981424623730000349e+03
7.298243483480000293e-01 1.539500866419999947e-01 4.393240392640000209e+03
9.033463723729999728e-01 4.260162446669999992e-01 5.200150817749999987e+03
8.783127665169999654e-01 3.714675658609999931e-01 5.084851770719999877e+03
3.979085591950000111e-01 2.237867237659999994e-02 3.658349098390000108e+03
1.294174904259999925e+00 2.391014347370000070e+00 6.369342981140000120e+03
3.648840395980000206e+00 1.856312786309999865e+02 1.357610804140000073e+04
9.357766590330000023e-01 5.060643800559999628e-01 5.342901807360000021e+03
1.184260290129999893e+00 1.578066180330000012e+00 6.108675591209999766e+03
7.871637744530000091e-01 2.190484106339999903e-01 4.651225581110000348e+03
1.204155714289999901e+00 1.707179979520000002e+00 6.153541545529999894e+03
1.040320826829999934e+00 8.476688406269999865e-01 5.733488572520000162e+03
1.929202238600000063e+00 1.392137387480000044e+01 8.782829824959999314e+03
1.286308512710000018e+00 2.324372937650000193e+00 6.348903396519999660e+03
2.991653624089999908e-01 1.295794796540000043e-02 3.546037176910000198e+03
6.045860057070000515e-01 6.988467930620000101e-02 3.958521521870000015e+03
4.393025467830000141e-01 2.756635217130000079e-02 3.693443150189999869e+03
9.185922650660000022e-01 4.622798554429999873e-01 5.268317805229999976e+03
4.783092499800000175e-01 3.371815938250000144e-02 3.731955149079999956e+03
4.914175900280000064e-01 3.615886820440000066e-02 3.747256625850000091e+03
1.258607601380000052e+00 2.100503699929999968e+00 6.279860565990000396e+03
1.010498937179999945e+00 7.359062401270000109e-01 5.633667007799999737e+03
1.592275890720000087e+00 6.096170988609999952e+00 7.433545270399999936e+03
1.253843613789999978e+00 2.063662669400000205e+00 6.268393904909999947e+03
4.266889072500000268e-01 2.586505667590000002e-02 3.682492275319999862e+03
7.844863991870000275e-01 2.155367931920000035e-01 4.638679769459999989e+03
2.338333943989999941e+00 3.093681266970000010e+01 1.018328862330000084e+04
9.984652492209999952e-01 6.942008741149999773e-01 5.590708964229999765e+03
1.596435365989999910e+00 6.166541713980000061e+00 7.450799239080000007e+03
3.972713975109999907e-01 2.230678906060000119e-02 3.657811053030000039e+03
1.375619851359999979e+00 3.165453406470000175e+00 6.607003169300000081e+03
1.602509358320000077e+00 6.270346761519999923e+00 7.476016006070000003e+03
4.413447363910000254e-01 2.785339576909999851e-02 3.695264191100000062e+03
8.250939382070000550e-01 2.743661184589999968e-01 4.831607591099999809e+03
3.973238180509999773e-01 2.231269532990000012e-02 3.657855344529999911e+03
1.070874910699999960e+00 9.752802352189999802e-01 5.826319308389999605e+03
1.121330418299999909e+00 1.217126164980000036e+00 5.961318994309999653e+03
1.305163861390000068e+00 2.486437129060000029e+00 6.398581859930000064e+03
1.567898553320000055e+00 5.695281973850000234e+00 7.332763732409999648e+03
2.481769163090000063e+00 3.943755293339999923e+01 1.062315879870000026e+04
4.192044731980000272e-01 2.490942477689999865e-02 3.676168345959999897e+03
9.157644970189999789e-01 4.553737050419999766e-01 5.255808393770000293e+03
1.929415126249999890e+00 1.392783965559999970e+01 8.783623985980000725e+03
1.371950321039999920e+00 3.127099786550000093e+00 6.595222803550000208e+03
1.441888252750000099e+00 3.918482914999999789e+00 6.836091495710000345e+03
1.649802179769999988e+00 7.121924642639999803e+00 7.672671396499999901e+03
1.190869147089999913e+00 1.620122025129999921e+00 6.123583403280000311e+03
3.633505803459999850e-01 1.873873579539999876e-02 3.627309454709999955e+03
4.982925893710000165e-01 3.752855179049999906e-02 3.755883529629999884e+03
5.431968131729999483e-01 4.830126564139999856e-02 3.824349973100000170e+03
1.426469030850000097e+00 3.732791891719999811e+00 6.780194852710000305e+03
6.692287948189999947e-01 1.049878642189999989e-01 4.156700295409999853e+03
2.031949884009999874e+00 1.730346851139999842e+01 9.157376893470000141e+03
2.040125344170000132e-01 5.915562698720000338e-03 3.312221910440000102e+03
7.522575041650000349e-01 1.769947433619999955e-01 4.491087112760000309e+03
5.942645317029999763e-01 6.557149419110000488e-02 3.932367052030000195e+03
6.513416452210000207e-01 9.372745449649999561e-02 4.095957719389999966e+03
1.505683014159999944e+00 4.758309151569999784e+00 7.080535628599999654e+03
1.091377092769999946e+00 1.068807973440000003e+00 5.883768530510000346e+03
7.624101564280000298e-01 1.884156889539999880e-01 4.536804165919999832e+03
5.319168605309999576e-01 4.526390902969999741e-02 3.805010063900000205e+03
8.423651378130000422e-01 3.032356060970000100e-01 4.914383484400000270e+03
2.440946648899999794e+00 3.686501331379999868e+01 1.050023638589999973e+04
5.297990092350000069e-01 4.472044261290000072e-02 3.801547906599999806e+03
6.275632142229999877e-01 8.066449965050000170e-02 4.022170758730000216e+03
7.709014504479999585e-01 1.984679478209999959e-01 4.575625076399999671e+03
4.754200186359999747e-01 3.320835296820000282e-02 3.728769480320000184e+03
6.512545776339999648e-01 9.367577706160000461e-02 4.095672942380000222e+03
6.480797253860000051e-01 9.181140321479999700e-02 4.085361553230000027e+03
1.075816586359999993e+00 9.972280092759999715e-01 5.840500335869999617e+03
9.977049640199999736e-01 6.916340002840000167e-01 5.587952349129999675e+03
2.643190491229999939e+00 5.090159901119999830e+01 1.109310139999999956e+04
1.082783311170000040e+00 1.028808135720000072e+00 5.860125848059999953e+03
6.880884155959999804e-01 1.183355966299999978e-01 4.225450697379999838e+03
1.600905148280000079e+00 6.242809818739999628e+00 7.469353760760000114e+03
7.321562265209999865e-01 1.562105791769999863e-01 4.403187354329999835e+03
4.323731490619999729e-01 2.661695222180000125e-02 3.687371046809999825e+03
8.172508547119999855e-01 2.620419522279999747e-01 4.794043684610000128e+03
6.032006114029999644e-01 6.928758396549999921e-02 3.954923698499999773e+03
8.839883465440000476e-01 3.833079145789999864e-01 5.111307913689999623e+03
5.920301557029999939e-01 6.467802348960000058e-02 3.926902081700000053e+03
4.173782563160000070e-01 2.468186112719999992e-02 3.674637214639999911e+03
8.263068829009999616e-01 2.763151311350000028e-01 4.837421553879999919e+03
3.653326648479999772e-01 1.893495823700000122e-02 3.629237897609999891e+03
7.667016495570000423e-01 1.934381010779999965e-01 4.556361903670000174e+03
1.101128769890000081e+00 1.115601232870000015e+00 5.909859051180000279e+03
1.190540819780000037e+00 1.618013286470000089e+00 6.122843284900000072e+03
2.310889745970000075e-01 7.732112425680000116e-03 3.396554454250000163e+03
4.742383077210000075e-01 3.300261934640000283e-02 3.727484714619999977e+03
8.663096493209999638e-01 3.474085289159999923e-01 5.028407073360000140e+03
5.979568328230000507e-01 6.707891994499999566e-02 3.941551096700000016e+03
1.058050299150000040e+00 9.200434332360000189e-01 5.788463306569999986e+03
4.795531069669999868e-01 3.394065830049999843e-02 3.733346494540000094e+03
7.383014132870000523e-01 1.623148065960000053e-01 4.429659667500000069e+03
5.756615611630000462e-01 5.854425604010000256e-02 3.888975296820000040e+03
8.406008869479999479e-01 3.001746708329999791e-01 4.905935933099999602e+03
1.565343328870000050e+00 5.654387891749999895e+00 7.322242913349999981e+03
9.373359380619999959e-01 5.101945892010000261e-01 5.349541046930000448e+03
1.713220149360000111e+00 8.389781715450000732e+00 7.934770189140000184e+03
9.030930156109999718e-01 4.254335198149999941e-01 5.199003626779999649e+03
9.389477954910000479e-01 5.144920678040000306e-01 5.356380736709999837e+03
4.666727552620000274e-01 3.172235857979999879e-02 3.719497220300000208e+03
1.491491562880000066e+00 4.561233836339999570e+00 7.024596033130000251e+03
6.064620124549999769e-01 7.070241999849999348e-02 3.963436741600000005e+03
5.180805721129999597e-01 4.185711018859999966e-02 3.783318896249999852e+03
3.770641082480000073e+00 2.119729824640000118e+02 1.383577182779999930e+04
5.687622267640000118e-01 5.616450673920000275e-02 3.874084034940000038e+03
7.396419538239999980e-01 1.636751401890000068e-01 4.435483035119999840e+03
4.736002978210000158e+00 5.483228740690000222e+02 1.565055540760000076e+04
1.316720539729999917e+00 2.589763537240000080e+00 6.430237276750000092e+03
1.290151937899999934e+00 2.356760762610000004e+00 6.358840209949999917e+03
3.673811829260000272e-01 1.913917119999999916e-02 3.631206438109999908e+03
6.105983871200000301e-01 7.254336374370000395e-02 3.974450539209999988e+03
4.109699115479999998e-01 2.389974349639999857e-02 3.669283753449999949e+03
7.676851813249999656e-01 1.946057720940000124e-01 4.560862397230000170e+03
8.074336087629999659e-01 2.472813631180000027e-01 4.747158139619999929e+03
8.679796073800000178e-01 3.506772024490000250e-01 5.036295866790000218e+03
1.849288913549999913e+00 1.164132111059999986e+01 8.478722012210000685e+03
1.616632405030000053e+00 6.516547570590000227e+00 7.534718875090000438e+03
1.345184588059999964e+00 2.857484849720000053e+00 6.512379837800000132e+03
8.367804622119999758e-01 2.936346913099999734e-01 4.887632336859999668e+03
1.602699711070000088e+00 6.273620018259999931e+00 7.476806631950000337e+03
2.137836158469999859e+00 2.138256975450000041e+01 9.526953885639999498e+03
2.958558965429999854e-01 1.268418332100000080e-02 3.540539146399999936e+03
7.405011893370000431e-01 1.645525343819999875e-01 4.439224520220000159e+03
1.894322119359999945e+00 1.289048585309999950e+01 8.651567726530000073e+03
1.867288824859999918e+00 1.212978249380000051e+01 8.548262106710000808e+03
6.357217052910000277e-01 8.491530148470000094e-02 4.046581899029999931e+03
1.405556090849999995e+00 3.491231269580000074e+00 6.706792073669999809e+03
1.095096779039999912e+00 1.086484013660000025e+00 5.893816598710000108e+03
6.106366452150000512e-01 7.256063739830000137e-02 3.974553541820000191e+03
7.166993709260000012e-01 1.417832754810000040e-01 4.338320134880000296e+03
4.333604947740000157e-01 2.674997465899999968e-02 3.688227083560000210e+03
9.668852307690000147e-01 5.936227630629999918e-01 5.470945249589999548e+03
8.174212577770000321e-01 2.623046380869999972e-01 4.794859051960000215e+03
5.234005115980000511e-01 4.312748306579999857e-02 3.791402603099999851e+03
6.427475388419999769e-01 8.876650650480000238e-02 4.068363496150000174e+03
7.940067469820000223e-01 2.282506577170000106e-01 4.683441799760000322e+03
6.994405135079999614e-01 1.271578025560000103e-01 4.269059537350000028e+03
2.073280038250000068e+00 1.882210069899999993e+01 9.303710012600000482e+03
5.352380456399999931e-01 4.613289375759999783e-02 3.810545678959999805e+03
1.476710121320000013e+00 4.362295338290000046e+00 6.967190229800000452e+03
7.333936791409999545e-01 1.574225440829999934e-01 4.408488150819999646e+03
5.156907261309999768e-01 4.130182888549999848e-02 3.779788691050000125e+03
1.310895208840000103e+00 2.537295855500000030e+00 6.414162080690000039e+03
1.863577592820000017e+00 1.202790175780000048e+01 8.533973515150000821e+03
1.125467795160000062e+00 1.238746898360000070e+00 5.971531069270000444e+03
7.762544454919999559e-01 2.050462977230000094e-01 4.600342470440000398e+03
8.877422861720000169e-01 3.913065676890000177e-01 5.128712707599999703e+03
1.524232437680000052e+00 5.025060902229999904e+00 7.154698172800000066e+03
1.429431612319999934e+00 3.767964559760000220e+00 6.790822086959999979e+03
5.362790566259999503e-01 4.640954734000000276e-02 3.812307783279999967e+03
6.359794713130000332e-01 8.505343259960000679e-02 4.047368625820000034e+03
4.719180777390000192e-01 3.260327502339999822e-02 3.724992036879999887e+03
6.574657677570000525e-01 9.743698271780000530e-02 4.116254679130000113e+03
1.870523936419999922e-01 4.870967824129999839e-03 3.251025171260000207e+03
4.639602168790000203e-01 3.127832623210000107e-02 3.716728322129999924e+03
8.414443715680000047e-01 3.016348648619999739e-01 4.909975144050000381e+03
1.189153468490000032e+00 1.609125252369999926e+00 6.119715494819999549e+03
5.905261392180000124e-01 6.408444187499999500e-02 3.923262701440000001e+03
2.619603976520000210e-01 9.994825465569999803e-03 3.474453695409999909e+03
1.572702381370000069e+00 5.772737420410000375e+00 7.352568225349999921e+03
1.133125430210000006e+00 1.279521709830000020e+00 5.990174664940000184e+03
1.416595636630000099e+00 3.617287229049999997e+00 6.745180606089999856e+03
1.133744782910000026e+00 1.282862971579999956e+00 5.991668788150000182e+03
9.578269291750000081e-01 5.669867931900000046e-01 5.434649685139999747e+03
6.876738737559999759e-01 1.180249645090000049e-01 4.223889239039999666e+03
4.553761409489999745e-01 2.992222453589999873e-02 3.708264810229999966e+03
5.015887421829999804e-01 3.820865455220000262e-02 3.760178412740000113e+03
4.066361707710000051e-01 2.338463855140000131e-02 3.665667945029999828e+03
7.241519378909999638e-01 1.485771297519999923e-01 4.369278273709999667e+03
3.100585751650000166e-01 1.387370005490000044e-02 3.563066960510000172e+03
6.186871291019999664e-01 7.629833300390000128e-02 3.996691345449999972e+03
1.263468028839999924e-01 1.854990023630000021e-03 2.971053170600000158e+03
7.136695728949999928e-01 1.391054729320000127e-01 4.325910573879999902e+03
1.948859987320000098e+00 1.452744336499999989e+01 8.855807330629999342e+03
1.776351678800000000e+00 9.804372153319999228e+00 8.190931145360000301e+03
1.405508663330000019e+00 3.490696687489999839e+00 6.706628935480000109e+03
1.274279977640000006e+00 2.225117040639999821e+00 6.318391655700000229e+03
6.954867755000000429e-01 1.240152348800000054e-01 4.253687356030000046e+03
4.843392973130000279e+00 6.048431990730000507e+02 1.582666234269999950e+04
1.028538014170000015e+00 8.020492312639999621e-01 5.695174372090000361e+03
6.531453126170000401e-01 9.480463418479999349e-02 4.101881013129999701e+03
1.150300750119999993e+00 1.374622900849999940e+00 6.030938683790000141e+03
6.424242613999999740e-01 8.858532843840000170e-02 4.067345882950000032e+03
9.314030908449999480e-01 4.946209094830000264e-01 5.324162480230000256e+03
4.520355112359999983e-01 2.941369563039999968e-02 3.705083580280000206e+03
1.678982964450000059e+00 7.686889263840000375e+00 7.793697103980000065e+03
1.567840733529999975e+00 5.694354277779999585e+00 7.332525559800000337e+03
7.422056502589999827e-01 1.663057335410000059e-01 4.446666881150000336e+03
8.970667691350000528e-01 4.117610953470000057e-01 5.171588517309999588e+03
3.157292217609999896e-01 1.435962419870000055e-02 3.571319250959999863e+03
5.659519138509999658e-01 5.522817737340000172e-02 3.868201068689999829e+03
1.987225294669999975e+00 1.576375343099999959e+01 8.996191033760000209e+03
4.543732402019999839e-01 2.976846197750000061e-02 3.707303548589999991e+03
1.211357907420000046e+00 1.755793558960000000e+00 6.169830112059999919e+03
7.420060385490000465e-01 1.660995370739999921e-01 4.445793904320000365e+03
7.277875811430000175e-01 1.520004486260000121e-01 4.384597780009999951e+03
8.553515584659999726e-01 3.265757923250000028e-01 4.976405872569999701e+03
7.204620794199999567e-01 1.451762453369999928e-01 4.353874554709999757e+03
2.877984195419999724e-01 1.202607623250000028e-02 3.526484286769999926e+03
2.744912876289999915e-01 1.096489451429999949e-02 3.501072722190000150e+03
3.958273255190000173e-01 2.214462344450000147e-02 3.656589024700000209e+03
1.232571507609999895e+00 1.904933665359999972e+00 6.218351155710000057e+03
8.673866402000000031e-01 3.495136877760000038e-01 5.033495935240000108e+03
9.447909736320000418e-01 5.303114411079999924e-01 5.380972472260000359e+03
3.768483317269999966e-01 2.010264013850000114e-02 3.640012538630000108e+03
1.048852667090000024e+00 8.819289743149999472e-01 5.760337078620000284e+03
6.160098493040000456e-01 7.503235660069999813e-02 3.989226705260000017e+03
4.160056906660000164e-01 2.451221894010000013e-02 3.673488518929999827e+03
5.307135904659999737e-01 4.495412776169999819e-02 3.803036587460000192e+03
6.130504410649999514e-01 7.365972355729999421e-02 3.981094306699999834e+03
1.665854925259999897e+00 7.428899693510000013e+00 7.739316661099999692e+03
1.201900161760000030e+00 1.692162334570000093e+00 6.148450773649999974e+03
7.007607448299999486e-01 1.282239013669999872e-01 4.274233659729999999e+03
1.098566976419999897e+00 1.103174307059999970e+00 5.903093819230000008e+03
1.470569483400000044e+00 4.281521293099999959e+00 6.943627550449999944e+03
5.843330290639999758e-01 6.170533628310000129e-02 3.908607792360000076e+03
9.198495251410000462e-01 4.653771466759999975e-01 5.273859062599999561e+03
1.012956517989999972e+00 7.446599303719999563e-01 5.642252588499999547e+03
5.826699053780000082e-01 6.108393834120000310e-02 3.904762585009999839e+03
3.943938303000000256e-01 2.198466311309999963e-02 3.655372064749999936e+03
7.088303419899999458e-01 1.349272282860000116e-01 4.306307879539999703e+03
5.402455407130000165e-01 4.748274456140000321e-02 3.819141288729999815e+03
7.767392892459999976e-01 2.056515077699999916e-01 4.602589871610000046e+03
1.765449044599999961e+00 9.548770956920000330e+00 8.147123998199999733e+03
2.817696040189999973e+00 6.584518815840000627e+01 1.157495142520000081e+04
7.623277161229999876e-01 1.883203553560000021e-01 4.536429756610000368e+03
5.867367663289999591e-01 6.261643882089999724e-02 3.914232735569999932e+03
4.543694956339999758e-01 2.976788964349999858e-02 3.707299969640000199e+03
2.662315900639999899e+00 5.240432165739999704e+01 1.114717782400000033e+04
7.595676361830000500e-01 1.851533602990000082e-01 4.523923791750000419e+03
9.967436377880000142e-01 6.883988898599999740e-01 5.584457763110000087e+03
4.674556228439999961e-01 3.185195074379999769e-02 3.720305360060000112e+03
2.204626261219999883e-01 6.998889261839999661e-03 3.365339916280000125e+03
4.999091222770000176e-01 3.786013522059999969e-02 3.757976221009999790e+03
1.067453980160000038e+00 9.603043408410000259e-01 5.816372166369999832e+03
5.874238987900000097e-01 6.287973643789999956e-02 3.915855365989999882e+03
6.178009855239999792e-01 7.587674352930000310e-02 3.994209334340000169e+03
7.737935820610000182e-01 2.019986153299999920e-01 4.588957373750000443e+03
7.361169229039999928e-01 1.601202248309999965e-01 4.420206992299999911e+03
5.901078190920000521e-01 6.392045712199999341e-02 3.922256061500000214e+03
5.820952886300000406e-01 6.087093411950000171e-02 3.903442891289999807e+03
3.941796524050000250e-01 2.196084950310000020e-02 3.655189883030000146e+03
1.084366516660000057e+00 1.036089956879999940e+00 5.864527552679999644e+03
7.172473710410000036e-01 1.422727572820000064e-01 4.340575695110000197e+03
7.590366365009999505e-01 1.845495651500000112e-01 4.521524415189999672e+03
2.085588882340000172e+00 1.929229300649999956e+01 9.346766854839999723e+03
5.826427489380000546e-01 6.107385225390000311e-02 3.904700114029999895e+03
6.662875846529999757e-01 1.030460360560000038e-01 4.146408920779999789e+03
1.102297576560000048e+00 1.121294998490000028e+00 5.912914780510000128e+03
1.122908387939999919e+00 1.225338496270000022e+00 5.965225853079999979e+03
6.456214275689999837e-01 9.039429955439999553e-02 4.077474995550000131e+03
3.942672448569999877e-01 2.197058588300000032e-02 3.655264401559999897e+03
4.435555177500000168e-01 2.816800091679999909e-02 3.697253807860000052e+03
5.703478793649999767e-01 5.670114344899999936e-02 3.877449836520000190e+03
9.160977815070000529e-01 4.561833603580000007e-01 5.257286065969999981e+03
1.102789813990000090e+00 1.123699441929999931e+00 5.914198630470000353e+03
1.219675078020000081e+00 1.813198141400000019e+00 6.188734717989999808e+03
9.215928381260000135e-01 4.696992113349999776e-01 5.281521257979999973e+03
8.437162785280000188e-01 3.055973671030000061e-01 4.920850357110000004e+03
5.959444765829999824e-01 6.625252938570000416e-02 3.936521957280000152e+03
1.562456612399999889e+00 5.608442827110000195e+00 7.310369246909999674e+03
1.420928535939999904e+00 3.667652321489999867e+00 6.760469075410000187e+03
1.347094008660000064e+00 2.876136117290000183e+00 6.518108946549999928e+03
7.937763260810000165e-01 2.279354243170000072e-01 4.682353717830000278e+03
3.509546547640000069e-01 1.754018834680000014e-02 3.614655018639999980e+03
8.677810689889999818e-01 3.502872789590000258e-01 5.035358539150000070e+03
4.093091334599999742e-01 2.370106781240000071e-02 3.667898441429999821e+03
1.572560317460000023e+00 5.770436032890000178e+00 7.351982094050000342e+03
1.259685871290000092e+00 2.108908856259999798e+00 6.282470909900000152e+03
2.240913204049999941e+00 2.597724734310000017e+01 9.870944237530000464e+03
1.209047240949999935e+00 1.740086849799999946e+00 6.164597649039999851e+03
5.325756519840000314e-01 4.543464554170000003e-02 3.806097743889999947e+03
1.601013940859999929e+00 6.244674542400000306e+00 7.469805527120000079e+03
1.064605600779999994e+00 9.479696946560000059e-01 5.808006994080000368e+03
8.752277229079999943e-01 3.651577071459999879e-01 5.070404587510000056e+03
7.745533091039999984e-01 2.029352203700000024e-01 4.592468293930000073e+03
8.309941494850000554e-01 2.839568921889999986e-01 4.859893607130000419e+03
1.070169392399999975e+00 9.721771515770000205e-01 5.824276656789999834e+03
3.927957968510000231e-01 2.180751642509999935e-02 3.654010381500000221e+03
1.403109294290000086e+00 3.463729427960000162e+00 6.698396003830000154e+03
1.995450172269999989e+00 1.603817677749999859e+01 9.025939562879999357e+03
4.413221902860000045e-01 2.785020818970000006e-02 3.695244000159999814e+03
1.002543941869999955e+00 7.081173295320000172e-01 5.605428958129999955e+03
1.066891360350000095e+00 9.578582896489999943e-01 5.814725860900000043e+03
4.250115939090000072e-01 2.564758591569999899e-02 3.681066649630000029e+03
1.223308436089999951e+00 1.838705597509999956e+00 6.197036111350000283e+03
6.594934053690000297e-01 9.869807132119999549e-02 4.123090119899999991e+03
5.121083015030000185e-01 4.048680660909999979e-02 3.774611731940000027e+03
1.335552085250000021e+00 2.764734986020000118e+00 6.483900957179999750e+03
5.645727532280000460e-01 5.477549456360000096e-02 3.865352344909999829e+03
6.680126162599999695e-01 1.041804989320000013e-01 4.152430531400000291e+03
4.274692273390000019e-01 2.596689959050000121e-02 3.683157487160000073e+03
3.363062469259999965e+00 1.337621807849999982e+02 1.293599121349999950e+04
6.333833379879999503e-01 8.367304615659999778e-02 4.039488210680000066e+03
1.521519870739999947e+00 4.985396691630000099e+00 7.143786778319999939e+03
4.880549820310000064e-01 3.551203738880000238e-02 3.743192686670000057e+03
8.769387942059999608e-01 3.686464750790000022e-01 5.078423030079999990e+03
1.187808926720000047e+00 1.600546086540000079e+00 6.116683424879999620e+03
4.118462164949999726e-01 2.400522657009999949e-02 3.670014790289999837e+03
2.891532838040000164e-01 1.213590981710000079e-02 3.528915558220000094e+03
5.759815219760000549e-01 5.865747542810000048e-02 3.889681473480000022e+03
3.662772162929999742e-01 1.902893819490000110e-02 3.630148603759999787e+03
3.652544061690000121e-01 1.892718548770000106e-02 3.629162206640000022e+03
1.947176718919999994e+00 1.447482806470000050e+01 8.849586326239999835e+03
4.454605792620000004e-01 2.844239328969999994e-02 3.698984437669999807e+03
3.592220771040000038e-01 1.833420468619999938e-02 3.623213174829999843e+03
2.158901270099999881e-01 6.691251653629999574e-03 3.351170883709999998e+03
1.294084991899999926e+00 2.390244829379999825e+00 6.369107091339999897e+03
5.484716341549999985e-01 4.980801129419999695e-02 3.833927708549999807e+03
7.568375110460000554e-01 1.820676855499999969e-01 4.511610616959999788e+03
2.198264448000000204e+00 2.399791492410000160e+01 9.730389283439999417e+03
2.721509600770000148e+00 5.726103459499999815e+01 1.131252437599999939e+04
7.494344487170000457e-01 1.739316347709999877e-01 4.478522945220000111e+03
5.284861719869999863e-01 4.438765289100000261e-02 3.799427971109999817e+03
9.037336996010000290e-01 4.269083446299999918e-01 5.201903758700000253e+03
2.123252297890000140e+00 2.078349875290000170e+01 9.477069883359999949e+03
3.663278557569999982e-01 1.903398535830000057e-02 3.630197281019999991e+03
8.696686394079999882e-01 3.540088279349999922e-01 5.044263770839999779e+03
9.011753904979999952e-01 4.210437157740000158e-01 5.190306328910000047e+03
2.739801217320000148e+00 5.882622771489999991e+01 1.136301491890000034e+04
4.274547839339999933e-01 2.596501061410000019e-02 3.683145162369999980e+03
1.278860468990000054e+00 2.262539741279999905e+00 6.329908623229999648e+03
3.255526222189999985e-01 1.521724743920000074e-02 3.584699365349999880e+03
1.266201724619999913e+00 2.160227174680000140e+00 6.298368856680000135e+03
1.287560981529999982e+00 2.334891205829999983e+00 6.352131245649999983e+03
2.813134792379999860e-01 1.150495532259999953e-02 3.514453878199999963e+03
3.100960196129999846e-01 1.387688756339999947e-02 3.563122784480000064e+03
5.110337691699999851e-01 4.024632728750000138e-02 3.773085401370000000e+03
2.946961526369999973e+00 7.882768419859999653e+01 1.191618819740000072e+04
1.095747367580000020e+00 1.089598352569999928e+00 5.895562920559999839e+03
1.382932011829999919e+00 3.242896994120000098e+00 6.630776620370000273e+03
4.867123187080000246e-01 3.525785904269999882e-02 3.741597507880000194e+03
6.870054468249999768e-01 1.175257646959999985e-01 4.221376141349999671e+03
1.347325685439999976e+00 2.878405158080000081e+00 6.518805970839999645e+03
1.009315477639999958e+00 7.317194212130000430e-01 5.629509335560000181e+03
7.142235656790000276e-01 1.395915187660000112e-01 4.328171867830000338e+03
2.687158818600000054e-01 1.051425013829999922e-02 3.489140465110000150e+03
1.067664619819999938e+00 9.612213482870000103e-01 5.816987770990000172e+03
1.673320820220000060e+00 7.574845220360000297e+00 7.770258663949999573e+03
1.302689975470000094e+00 2.464716403669999778e+00 6.391927706770000441e+03
2.980816266640000101e-01 1.286807519850000081e-02 3.544253932369999802e+03
9.197995525469999656e-01 4.652537227899999905e-01 5.273639057450000109e+03
8.452288483950000098e-01 3.082594627790000152e-01 4.928086803590000272e+03
3.905931732690000047e-01 2.156533636750000010e-02 3.652123848019999969e+03
5.453766176340000271e+00 1.041494688470000028e+03 1.669120586909999838e+04
7.910669908309999609e-01 2.242570441769999867e-01 4.669576401569999689e+03
9.529564956310000445e-01 5.530581958129999753e-01 5.414790825389999554e+03
6.408335041599999560e-01 8.769943665540000377e-02 4.062360085629999958e+03
9.469974113610000188e-01 5.363838551089999962e-01 5.390174379129999579e+03
4.649669704509999946e-01 3.144223168870000085e-02 3.717750414229999933e+03
1.373191301739999926e+00 3.140032399239999883e+00 6.599195458909999616e+03
4.745968967959999785e-01 3.306488040769999665e-02 3.727873476910000136e+03
8.366327250449999697e-01 2.933842014770000062e-01 4.886924295980000352e+03
8.157625942020000354e-01 2.597571997740000249e-01 4.786924327290000292e+03
4.387426136400000010e-01 2.748823867540000146e-02 3.692946541660000094e+03
1.062968011239999955e+00 9.409333853619999966e-01 5.803163162009999724e+03
7.357344486939999539e-01 1.597387946469999986e-01 4.418556710609999755e+03
5.254929878530000265e-01 4.364045718569999760e-02 3.794668915490000018e+03
6.924740982589999705e-01 1.216711747800000021e-01 4.242105259730000398e+03
4.979920547789999929e-01 3.746731349380000298e-02 3.755497217090000049e+03
1.628775572619999945e+00 6.733709268890000210e+00 7.585231603109999924e+03
1.144522976259999991e+00 1.342060938960000005e+00 6.017371075029999702e+03
3.043800714459999890e-01 1.339348758390000033e-02 3.554389103389999946e+03
7.269885830550000261e-01 1.512418949340000041e-01 4.381219133360000342e+03
1.309122081760000000e+00 2.521481033520000192e+00 6.409317239130000416e+03
5.527292400100000114e-01 5.106640340690000307e-02 3.841913201190000109e+03
1.659520762519999915e+00 7.306664255250000295e+00 7.713036165649999930e+03
6.712991146860000091e-01 1.063767306989999994e-01 4.164015056739999636e+03
7.455662271830000298e-01 1.698123336069999878e-01 4.461418504520000170e+03
3.578301249149999919e-01 1.819905125149999872e-02 3.621806603330000144e+03
3.803647520010000171e+00 2.195947503700000141e+02 1.390485964210000020e+04
1.708798695440000071e+00 8.296526923880000126e+00 7.916623598639999727e+03
7.220250343240000035e-01 1.466078315129999976e-01 4.360381306579999546e+03
8.505253087020000491e-01 3.177336325289999985e-01 4.953395488260000093e+03
8.143363191569999993e-01 2.575835230619999972e-01 4.780104873960000077e+03
5.899929347569999871e-01 6.387550586260000440e-02 3.921980031560000043e+03
1.263370205660000023e+00 2.137814977730000177e+00 6.291433653580000282e+03
5.431266992690000350e-01 4.828161860960000079e-02 3.824224989220000225e+03
4.366381857669999755e-01 2.719688946330000093e-02 3.691089939580000191e+03
7.578968869800000174e-01 1.832595134249999924e-01 4.516381658299999799e+03
1.644927243920000004e+00 7.030528035779999740e+00 7.652408747620000213e+03
7.666314982869999461e-01 1.933550540439999965e-01 4.556041156369999953e+03
1.287728391059999922e+00 2.336299753200000051e+00 6.352563441500000408e+03
5.117903184809999839e-01 4.041545283789999693e-02 3.774158787549999943e+03
3.708464676209999866e-01 1.948798967589999986e-02 3.634482813869999973e+03
1.111776963959999920e+00 1.168285536520000001e+00 5.937330664629999774e+03
5.993966866519999659e-01 6.767737197369999569e-02 3.945184403830000065e+03
2.110941644960000030e+00 2.028728411040000168e+01 9.434715438850000282e+03
4.173319363610000221e-01 2.467611687079999949e-02 3.674598422869999922e+03
7.203865133669999921e-01 1.451073628700000062e-01 4.353560640130000138e+03
8.735825307119999827e-01 3.618287375359999780e-01 5.062682265260000349e+03
4.485675782849999904e-01 2.889660908879999879e-02 3.701841184859999885e+03
1.114452105880000099e+00 1.181810541349999966e+00 5.944107741099999657e+03
6.138772771279999985e-01 7.404042497130000622e-02 3.983353881399999864e+03
7.279299002919999984e-01 1.521359331819999994e-01 4.385200288850000106e+03
5.823733864750000322e-01 6.097391395539999981e-02 3.904081018360000144e+03
1.028462379870000110e+00 8.017626506349999627e-01 5.694923728320000009e+03
6.758838256320000015e-01 1.095181132039999977e-01 4.180419757079999727e+03
5.597781681250000307e-01 5.323600909859999702e-02 3.855643776790000175e+03
1.001832051769999898e+00 7.056708256999999485e-01 5.602868606750000254e+03
1.559915155870000014e-01 3.174791814060000123e-03 3.120633680110000114e+03
7.511414618480000138e-01 1.757780289120000061e-01 4.486112073299999793e+03
5.361056297980000274e-01 4.636331524230000167e-02 3.812013326339999821e+03
1.142265980909999978e+00 1.329498978930000019e+00 6.012033341420000397e+03
4.919061173540000276e-01 3.625407982509999683e-02 3.747855378390000169e+03
2.729031669449999975e-01 1.084037603760000003e-02 3.497847739880000063e+03
1.521117246690000036e+00 4.979528637769999655e+00 7.142169031299999915e+03
7.099023291420000215e-01 1.358424205400000084e-01 4.310626851480000369e+03
1.083229551739999907e+00 1.030856618100000066e+00 5.861368654300000344e+03
4.504365241289999822e-01 2.917393156330000056e-02 3.703581255059999876e+03
5.547443542900000191e-01 5.167550789360000202e-02 3.845773121640000227e+03
2.805527944630000214e-01 1.144432356270000048e-02 3.512999251839999943e+03
1.447538286319999923e+00 3.988168137320000195e+00 6.856924653619999845e+03
5.484363970819999823e-01 4.979775580310000227e-02 3.833862573930000053e+03
3.994669188980000119e-01 2.255535152880000158e-02 3.659662361900000178e+03
1.268241156270000003e+00 2.176476355989999778e+00 6.303390160449999712e+03
5.255221563469999468e-01 4.364766199919999784e-02 3.794714797799999815e+03
1.025479893520000019e+00 7.905247976970000146e-01 5.684991823610000210e+03
4.647053799199999946e-01 3.139954209930000129e-02 3.717484211460000097e+03
8.004285862150000153e-01 2.371891313020000058e-01 4.713847517449999941e+03
7.895056606720000092e-01 2.221607563620000003e-01 4.662227529480000157e+03
7.236615752139999858e-01 1.481209295029999873e-01 4.367222748879999926e+03
1.290652717399999982e+00 2.361004946049999997e+00 6.360141873190000297e+03
9.183507994399999763e-01 4.616868869479999749e-01 5.267252107399999659e+03
1.882254845879999916e+00 1.254685723759999938e+01 8.605622210890000133e+03
1.560779349029999929e+00 5.581870998720000365e+00 7.303476441320000049e+03
1.652605698929999978e+00 7.174869258070000200e+00 7.684319995869999730e+03
1.041155909880000063e+00 8.509762170639999512e-01 5.736149268680000205e+03
5.397808732900000184e-01 4.735544003389999951e-02 3.818330901799999992e+03
8.058768431759999462e-01 2.450072429039999999e-01 4.739743178650000118e+03
1.862577555849999955e+00 1.200055307759999934e+01 8.530118897199999992e+03
1.356777909909999913e+00 2.972096666320000136e+00 6.547593194089999997e+03
5.381410015240000178e-01 4.690953468830000306e-02 3.815491891699999996e+03
3.834277053099999777e-01 2.079274586579999903e-02 3.645892700819999845e+03
6.071890465070000076e-01 7.102219648639999938e-02 3.965355008189999808e+03
1.220384890150000068e+00 1.818160604800000080e+00 6.190354178489999867e+03
1.348328588059999888e-01 2.200620123629999821e-03 3.016702865209999800e+03
7.551742555249999489e-01 1.802105011980000004e-01 4.504137803190000341e+03
1.745815828080000021e+00 9.100523806300000018e+00 8.067762581650000357e+03
7.810617673959999729e-01 2.111168033470000038e-01 4.622685677000000396e+03
1.319412357780000100e+00 2.614274083399999782e+00 6.437748331619999590e+03
3.580860445549999826e-01 1.822385426689999977e-02 3.622066208530000040e+03
6.570259182340000281e-01 9.716559945159999878e-02 4.114779436679999890e+03
1.271536358979999948e+00 2.202920286749999956e+00 6.311550899660000141e+03
6.260524388089999670e-01 7.990265821269999791e-02 4.017754554520000056e+03
1.459052156050000049e+00 4.132942496680000133e+00 6.899925532270000076e+03
1.630190974690000072e+00 6.759354423019999558e+00 7.591119843030000084e+03
4.625253302189999971e-01 3.104652253969999998e-02 3.715282707349999782e+03
6.552822968179999874e-01 9.609739712119999555e-02 4.108957924090000233e+03
3.534262569220000261e-01 1.777540445480000134e-02 3.617266296400000101e+03
5.687723081009999682e+00 1.278374833670000044e+03 1.694169554440000138e+04
1.243579733610000071e+00 1.985907201140000078e+00 6.244030663339999592e+03
6.818320965839999914e+00 3.486426631369999996e+03 1.650291330999999991e+04
9.784300845619999798e-01 6.289774871190000338e-01 5.515967028600000049e+03
4.561914340909999921e-01 3.004792581649999919e-02 3.709050295210000058e+03
5.167302694040000199e-01 4.154221430390000330e-02 3.781316662629999882e+03
2.361418888869999955e-01 8.089364146280000195e-03 3.410578045549999842e+03
7.068118798360000232e-01 1.332198622090000062e-01 4.298212245149999944e+03
1.813556606049999909e+00 1.071334630830000023e+01 8.338912096980000570e+03
6.458424228150000390e-01 9.052075700259999691e-02 4.078180486889999884e+03
1.208711109560000052e+00 1.737810692740000107e+00 6.163837063160000071e+03
7.325656479359999862e-01 1.566106128900000005e-01 4.404939470129999791e+03
6.031418800150000203e-01 6.926239777199999503e-02 3.954771774570000161e+03
5.330895000549999985e-01 4.556837649199999701e-02 3.806949668650000149e+03
2.314416731340000144e+00 2.966093522970000151e+01 1.010768356449999919e+04
3.211008057829999873e-01 1.482602486780000041e-02 3.578774339779999991e+03
3.252138878920000087e-01 1.518732654570000007e-02 3.584256349669999963e+03
5.807710951800000299e-01 6.038335280419999951e-02 3.900418936720000147e+03
2.690775868959999761e-01 1.054229620579999992e-02 3.489904419559999951e+03
7.879953963750000456e-01 2.201492561199999975e-01 4.655129524570000285e+03
8.276414088860000184e-01 2.784729855790000208e-01 4.843819079750000128e+03
1.547687791820000047e+00 5.377568331019999981e+00 7.249847834840000360e+03
1.545365925030000032e+00 5.341903663970000160e+00 7.240371419719999722e+03
6.484181379419999836e-01 9.200828497049999555e-02 4.086453905360000135e+03
4.055052047300000129e-01 2.325196486010000160e-02 3.664723352219999924e+03
8.874044516129999671e-01 3.905812319990000225e-01 5.127149581839999883e+03
4.900892622579999802e-01 3.590158177200000050e-02 3.745639350750000176e+03
7.859351949509999491e-01 2.174308738219999926e-01 4.645464244300000246e+03
2.277881711590000080e+00 2.778591055689999934e+01 9.990857255420000001e+03
2.387782421639999875e+00 3.369979952469999773e+01 1.033749020109999947e+04
