2.468495492609999786e+00 3.742691446900000329e+01 1.067420904379999956e+04
4.005926447359999809e-01 2.268223564740000017e-02 3.660618857079999998e+03
6.223225206360000206e-01 7.802654938170000554e-02 4.006856652250000025e+03
1.223252579650000005e+00 1.827298790189999966e+00 6.194499604319999889e+03
3.947588455059999890e-01 2.202386862850000057e-02 3.655691968149999866e+03
8.184792313880000503e-01 2.636349944979999860e-01 4.799197154260000389e+03
8.101098490379999850e-01 2.509521047139999794e-01 4.759211296950000360e+03
3.687923286429999781e+00 1.759779908550000016e+02 1.404459185950000028e+04
1.323177917510000023e+00 2.629117512140000112e+00 6.446597111740000400e+03
6.712709563369999577e-01 1.062997206419999952e-01 4.163642422420000003e+03
1.495428534560000022e+00 4.569718121620000240e+00 7.041242555269999684e+03
3.259932683669999887e-01 1.525554951960000037e-02 3.585280073569999786e+03
5.839323232119999485e-01 6.153905517500000283e-02 3.907613498109999910e+03
1.424514488500000065e+00 3.676878163440000069e+00 6.772887303970000175e+03
1.070829391450000001e+00 9.715456927940000487e-01 5.824283930059999875e+03
6.522586395199999609e-01 9.422954334149999389e-02 4.098752174639999794e+03
8.320926145450000533e-01 2.854234259169999843e-01 4.864408307130000139e+03
1.528081435700000101e+00 5.029109446149999663e+00 7.172307315559999552e+03
1.778040402570000067e+00 9.706415724970000269e+00 8.211437609470000098e+03
8.525980629749999595e-01 3.210793922160000147e-01 4.962495191709999744e+03
9.383857901530000545e-01 5.120568577540000055e-01 5.353121457799999916e+03
9.797621493899999479e-01 6.318405962840000223e-01 5.520216332779999902e+03
2.664159281290000014e-01 1.033617584299999920e-02 3.484233946620000097e+03
9.507503613350000160e-01 5.458008074629999706e-01 5.404841920189999655e+03
6.570384308879999580e-01 9.712615706409999383e-02 4.114595680849999553e+03
1.473332602029999938e+00 4.276473591650000294e+00 6.954880349289999685e+03
7.068716884360000119e-01 1.331757319909999959e-01 4.298046182289999706e+03
6.220836450300000209e-01 7.790989465790000568e-02 4.006174614590000147e+03
7.684244388800000047e-01 1.953047036140000137e-01 4.563673084259999996e+03
1.060588489399999945e+00 9.276234421079999626e-01 5.794363166289999754e+03
1.686913375300000073e+00 7.746209616709999857e+00 7.834862733789999766e+03
6.066400772379999529e-01 7.075822132310000123e-02 3.963803474280000046e+03
7.954180273459999784e-01 2.299476995849999983e-01 4.689440646789999846e+03
8.507992725130000267e-01 3.178104128329999889e-01 4.953916817299999821e+03
1.090631092039999972e+00 1.060917813509999919e+00 5.879441606420000426e+03
2.250979466870000056e+00 2.584055503320000113e+01 9.963922559930000716e+03
5.232426797239999594e-01 4.308284146679999815e-02 3.791160012729999835e+03
9.980330047209999833e-01 6.912130446980000453e-01 5.588316909600000145e+03
1.210249449980000058e+00 1.738091778190000047e+00 6.164867228080000132e+03
5.729275464619999481e-01 5.757378155870000042e-02 3.882948693329999969e+03
6.273726263350000165e-01 8.053749509879999657e-02 4.021466057889999774e+03
1.169917375570000084e+00 1.481761525400000057e+00 6.073627469719999681e+03
1.088111772079999984e+00 1.049215780149999944e+00 5.872610889540000244e+03
1.712095881950000120e-01 3.968527793410000365e-03 3.187608808869999848e+03
6.670339622559999793e-01 1.034808128699999941e-01 4.148751260430000002e+03
4.266739986209999724e-01 2.586111348619999847e-02 3.682491132489999927e+03
6.064754114329999890e-01 7.068598440539999861e-02 3.963369940709999810e+03
1.257568754300000036e+00 2.078868637759999860e+00 6.275100702959999580e+03
3.844378559679999974e+00 2.055163445610000110e+02 1.442408038350000061e+04
7.373671663130000331e-01 1.612414570759999888e-01 4.425128340539999954e+03
8.726128939639999915e-01 3.593617611330000017e-01 5.057303788940000231e+03
3.565410482490000144e-01 1.807348628469999940e-02 3.620499678879999919e+03
1.698266512730000066e+00 7.973497178259999707e+00 7.882281105089999983e+03
1.225704789239999926e+00 1.844492246670000002e+00 6.200128728820000106e+03
8.757384435930000155e-01 3.656642392350000215e-01 5.071973326880000059e+03
7.929150320760000037e-01 2.265246348820000033e-01 4.677627614099999846e+03
5.672849073500000339e-01 5.565761311430000163e-02 3.870936680790000082e+03
4.525486733579999754e-01 2.948851597919999873e-02 3.705581801270000142e+03
7.956251324390000157e-01 2.302329264949999899e-01 4.690419202379999660e+03
7.252736849980000455e-01 1.495102910929999862e-01 4.373539469620000091e+03
7.096427209519999835e-01 1.355229196920000045e-01 4.309167883899999651e+03
1.009895707979999946e+00 7.320171990139999751e-01 5.630603915650000090e+03
7.547949559080000537e-01 1.796310315419999970e-01 4.501903163869999844e+03
1.692016170919999896e+00 7.847787937269999681e+00 7.856188915929999894e+03
1.314120818419999948e+00 2.547487346500000083e+00 6.421199275990000388e+03
1.514096387920000009e+00 4.828488034150000274e+00 7.115733920630000284e+03
3.206303759990000168e-01 1.478431786569999948e-02 3.578141109619999952e+03
9.059676811179999678e-01 4.313811419510000245e-01 5.211132424170000377e+03
7.857175056590000040e-01 2.169264023499999916e-01 4.643809164659999624e+03
4.447106223630000188e-01 2.833159039209999855e-02 3.698314083400000072e+03
1.362072377650000110e+00 3.001407519879999874e+00 6.562720532090000233e+03
1.453808878100000035e+00 4.028841726449999605e+00 6.880499308319999727e+03
6.306322188190000011e-01 8.220426782110000496e-02 4.031088705449999907e+03
8.188400164260000169e-01 2.641937441639999884e-01 4.800923422699999719e+03
5.995565151630000145e-01 6.772405780930000618e-02 3.945499955669999963e+03
1.713794154179999918e+00 8.291987558049999762e+00 7.946942502279999644e+03
7.912614092719999492e-01 2.242874389589999962e-01 4.669837393069999962e+03
3.590828291419999818e+00 1.592175021280000067e+02 1.380411309260000053e+04
7.186539081489999869e-01 1.434290021930000048e-01 4.345946535600000061e+03
1.747224847960000105e+00 9.008237235930000253e+00 8.085247148559999914e+03
2.459031585870000036e+00 3.685861505100000102e+01 1.064425491580000016e+04
1.205721208199999950e+00 1.707793033680000017e+00 6.154612397990000318e+03
6.384640385109999761e-01 8.636121795100000498e-02 4.054827235409999957e+03
8.948129376440000504e-01 4.061051139910000218e-01 5.160423796299999594e+03
3.119498663859999743e-01 1.403449364659999955e-02 3.565869906880000144e+03
6.131320235570000277e-01 7.367254134980000257e-02 3.981201810139999907e+03
8.265857514290000374e-01 2.764336052540000144e-01 4.838017101940000430e+03
1.411641518839999998e+00 3.529453975080000028e+00 6.727299721759999557e+03
1.947442933250000063e+00 1.424616167950000012e+01 8.878366427599999952e+03
3.091879921239999995e-01 1.379913410379999920e-02 3.561769573300000047e+03
3.233892638799999997e+00 1.071241655099999974e+02 1.288434003959999973e+04
7.185338272700000362e-01 1.433208541730000007e-01 4.345450418690000333e+03
1.173779180689999979e+00 1.505009376530000109e+00 6.082418482920000315e+03
1.333370101389999896e+00 2.723231733180000003e+00 6.475909331500000008e+03
1.167336686450000105e+00 1.466375070600000052e+00 6.067736027969999668e+03
1.104005594270000001e+00 1.124690310040000085e+00 5.914854310310000074e+03
2.991463028399999891e-01 1.295589642090000035e-02 3.546011181270000179e+03
4.074192174840000069e-01 2.347528119789999909e-02 3.666331961639999918e+03
2.699472699469999792e+00 5.329215018570000240e+01 1.138240836719999970e+04
1.282101104000000102e+00 2.273639002339999937e+00 6.336036836039999798e+03
2.529963516820000091e+00 4.126912081609999916e+01 1.086686557469999934e+04
1.174057458929999909e+00 1.506694972540000066e+00 6.083050906110000142e+03
6.885556469219999975e-01 1.186122761310000051e-01 4.226874078329999975e+03
7.384224459960000431e-01 1.623042661380000029e-01 4.429698758300000009e+03
1.455273041509999921e+00 4.047045517379999957e+00 6.886008326330000273e+03
5.945547864689999518e-01 6.566993108860000317e-02 3.933001056330000210e+03
1.677974613129999959e+00 7.570532026529999570e+00 7.797456870480000362e+03
2.084459372310000003e+00 1.888182232650000003e+01 9.384211212259999229e+03
6.378442987589999502e-01 8.602429453729999731e-02 4.052917017459999897e+03
6.129408385579999674e-01 7.358484219699999718e-02 3.980680887290000101e+03
6.241777168759999883e-01 7.893900052489999375e-02 4.012181293029999779e+03
2.311180652369999866e-01 7.733987462380000066e-03 3.396639652630000000e+03
6.822676157079999859e-01 1.139782952550000006e-01 4.203415873210000427e+03
8.414472166719999535e-01 3.012564076279999892e-01 4.909219247750000250e+03
1.577810328430000020e+00 5.790998343010000049e+00 7.377348784040000282e+03
1.478967800509999986e+00 4.349936793700000415e+00 6.976699658249999629e+03
7.400943599949999507e-01 1.640012316089999866e-01 4.436961488400000235e+03
1.037746233040000021e+00 8.350971839690000120e-01 5.723903002600000036e+03
3.503423477770000183e-01 1.748131389209999983e-02 3.614008167190000222e+03
1.763149841569999987e+00 9.364423376810000477e+00 8.150627383379999628e+03
2.805396550779999942e-01 1.144291366439999930e-02 3.512978585769999881e+03
1.930525346979999890e+00 1.373632635459999918e+01 8.813888852449999831e+03
5.481704182240000334e-01 4.971121374680000093e-02 3.833351191289999861e+03
1.027203939300000091e+00 7.948507867259999582e-01 5.689564356009999756e+03
1.394391715930000109e+00 3.338655883169999949e+00 6.667990729129999636e+03
1.008852464280000083e+00 7.283559702909999656e-01 5.626946318729999803e+03
7.694725565479999529e-01 1.965589298269999896e-01 4.568478162090000296e+03
9.444812231029999783e-01 5.284796966839999666e-01 5.378799750090000089e+03
1.597633113389999915e+00 6.116509313169999906e+00 7.460185714379999808e+03
9.387274121690000195e-01 5.129664860870000176e-01 5.354569752069999595e+03
1.135334517060000020e-01 1.384683947970000075e-03 2.897042330780000157e+03
4.246888263129999785e-01 2.560400087359999965e-02 3.680804370610000205e+03
6.655302858610000483e-01 1.024985811670000024e-01 4.143525274380000155e+03
6.225121504909999492e-01 7.811928983499999424e-02 4.007398662449999847e+03
3.724807186669999992e-01 1.965288285040000041e-02 3.636014357479999944e+03
2.700415974999999857e+00 5.336519895389999846e+01 1.138521707389999938e+04
9.393661258990000373e-01 5.146705980110000134e-01 5.357274671309999576e+03
2.180746162290000123e-01 6.837486305470000247e-03 3.357998942820000138e+03
2.012405461749999791e+00 1.632880606959999881e+01 9.121711261360000208e+03
3.871693351089999791e-01 2.119200770030000083e-02 3.649175207459999910e+03
1.168403819069999905e+00 1.472723031929999982e+00 6.070173933299999590e+03
3.370343898109999792e+00 1.253497607529999982e+02 1.324291532209999968e+04
2.129530491650000190e+00 2.061496352019999989e+01 9.544650972499999625e+03
7.446409792270000105e-01 1.686981393539999929e-01 4.456843254850000449e+03
3.758291537280000205e-01 1.999612924089999924e-02 3.639094158840000091e+03
7.871978843279999749e-01 2.188711413689999885e-01 4.650745383749999746e+03
9.649193233289999894e-01 5.865922827209999468e-01 5.462270662879999691e+03
9.759354547749999886e-01 6.199234515079999897e-01 5.505498982369999794e+03
9.714326213789999942e-01 6.061255855360000444e-01 5.487982803439999770e+03
1.118690020669999896e+00 1.197964042179999966e+00 5.952219332380000196e+03
3.294626769040000180e+00 1.149892979140000051e+02 1.304505603010000050e+04
7.485997939140000002e-01 1.728869913620000032e-01 4.474306160879999879e+03
1.971733635209999891e+00 1.500139142649999968e+01 8.970132337170000028e+03
1.564304305440000098e+00 5.576435472150000017e+00 7.321191484009999840e+03
3.536191921649999848e-01 1.779293010519999996e-02 3.617475708559999930e+03
3.068975473700000234e-01 1.360508901500000027e-02 3.558294295149999925e+03
4.905595237929999963e-01 3.598848803000000152e-02 3.746226579539999875e+03
3.960919021240000060e+00 2.296474861490000023e+02 1.470063516650000020e+04
3.584290665459999858e-01 1.825616902490000137e-02 3.622421219840000049e+03
1.447407260140000096e+00 3.949942474080000210e+00 6.856552097920000051e+03
8.734697042950000379e-01 3.610805712119999900e-01 5.061329468820000329e+03
1.335977279699999964e-01 2.148647170750000134e-03 3.010211398290000034e+03
1.106438902719999895e+00 1.136593363990000105e+00 5.921148988119999558e+03
8.178815823139999885e-01 2.627116169320000139e-01 4.796337934549999773e+03
8.503567640439999575e-01 3.170104722739999770e-01 4.951805423920000067e+03
1.036347051219999926e+00 8.296679058739999668e-01 5.719413100390000182e+03
6.009586367679999874e-01 6.831285426340000244e-02 3.949066788969999834e+03
1.024301607850000018e+00 7.840360907719999828e-01 5.679903137100000095e+03
8.018887070919999971e-01 2.390045688340000085e-01 4.720087435270000242e+03
2.135388545260000104e+00 2.084817763699999915e+01 9.565301885299999412e+03
1.038241123509999975e+00 8.370240001040000211e-01 5.725486171180000383e+03
2.369652633650000118e-01 8.147902161260000414e-03 3.412817396139999801e+03
1.752411673439999928e+00 9.123171976009999184e+00 8.106579665139999634e+03
8.635956530639999906e-01 3.416752664050000110e-01 5.014756719990000420e+03
5.114326453059999666e-01 4.033018839909999903e-02 3.773660795809999854e+03
1.053612534360000019e+00 8.985788165660000271e-01 5.773402161990000423e+03
2.499730569830000138e-01 9.093786611219999497e-03 3.446373564420000093e+03
4.110243792239999805e-01 2.390458775399999930e-02 3.669339766749999853e+03
7.810243819709999924e-01 2.108604343999999908e-01 4.621892805399999816e+03
6.391392050199999897e-01 8.672985895109999732e-02 4.056914498399999957e+03
1.013901675640000111e+00 7.462078269740000103e-01 5.644538757020000048e+03
3.367685803109999876e-01 1.622216082689999922e-02 3.598689399190000131e+03
2.190790928399999782e+00 2.314678315720000157e+01 9.758410067880000497e+03
1.078072891699999980e+00 1.003550417550000073e+00 5.844859530290000293e+03
9.567512593089999573e-01 5.627958929780000341e-01 5.429410300229999848e+03
1.134409226300000073e+00 1.280300737659999966e+00 5.990728435990000435e+03
2.899241390569999854e+00 7.039259342210000625e+01 1.196382107700000051e+04
8.460688510739999835e-01 3.093451573600000115e-01 4.931326103110000076e+03
8.413249873620000097e-01 3.010448981539999846e-01 4.908634201199999552e+03
4.531513601859999962e-01 2.957976227329999971e-02 3.706153047740000147e+03
5.819533192039999525e-01 6.080301341830000178e-02 3.903056078539999817e+03
3.688280511659999816e-01 1.928321141470000152e-02 3.632590667169999961e+03
3.035854429620000183e-01 1.332628859780000084e-02 3.553145908670000154e+03
5.913733264079999996e-01 6.440023981610000503e-02 3.925232975270000225e+03
5.324269910459999977e-01 4.538882505439999909e-02 3.805846227909999925e+03
2.013652157350000138e+00 1.637077254180000097e+01 9.126318842759999825e+03
6.430449169099999862e-01 8.889510691829999312e-02 4.069115727100000186e+03
7.884568096899999823e-01 2.205368842669999940e-01 4.656652226660000451e+03
5.769185797360000256e-01 5.897624553559999844e-02 3.891703291809999882e+03
6.498025057880000288e-01 9.277584134279999450e-02 4.090735146019999775e+03
1.157500768869999946e-01 1.461500206419999925e-03 2.910328819140000178e+03
3.456196410369999916e-01 1.703760135480000132e-02 3.608860020850000183e+03
2.571779511539999952e+00 4.403624246310000245e+01 1.099612041189999945e+04
8.408697391160000478e-01 3.002582113119999785e-01 4.906455021490000036e+03
1.597352267280000016e+00 6.111808378500000138e+00 7.459009435599999961e+03
1.789547469660000001e-01 4.400381145210000358e-03 3.219390426970000135e+03
1.377301050960000106e+00 3.157081666719999902e+00 6.611346486049999839e+03
1.188125099230000092e+00 1.593743254230000073e+00 6.114890807730000233e+03
1.239340362100000092e+00 1.942274749729999916e+00 6.231748192320000271e+03
7.283114681029999593e-01 1.523805177739999961e-01 4.386358120550000422e+03
1.122480295419999941e+00 1.217444108730000085e+00 5.961635233179999886e+03
5.654774236509999552e-01 5.505992044520000017e-02 3.867178660399999899e+03
2.900938135619999803e-01 1.221193537789999964e-02 3.530591828099999930e+03
7.845955586749999711e-01 2.154625739509999915e-01 4.638559522329999709e+03
6.826086438749999763e-01 1.142249967080000012e-01 4.204674927019999814e+03
8.564058218669999833e-01 3.280911298949999999e-01 4.980628712949999681e+03
7.298243483480000293e-01 1.538289105410000079e-01 4.392777811750000183e+03
9.033463723729999728e-01 4.253307103619999863e-01 5.199292029600000205e+03
8.783127665169999654e-01 3.709226655199999723e-01 5.084022136579999824e+03
3.979085591950000111e-01 2.237719323900000043e-02 3.658358911899999839e+03
1.294174904259999925e+00 2.374239712840000127e+00 6.367338563430000249e+03
3.648840395980000206e+00 1.690905536859999927e+02 1.394826387679999971e+04
9.357766590330000023e-01 5.051515720329999848e-01 5.342024910350000027e+03
1.184260290129999893e+00 1.569467237850000085e+00 6.106162961660000292e+03
7.871637744530000091e-01 2.188261617370000078e-01 4.650585445269999582e+03
1.204155714289999901e+00 1.697409389329999962e+00 6.151072378550000394e+03
1.040320826829999934e+00 8.451582851190000412e-01 5.732111248569999589e+03
1.929202238600000063e+00 1.369700501620000033e+01 8.808826348849999704e+03
1.286308512710000018e+00 2.308335294439999963e+00 6.346839016390000324e+03
2.991653624089999908e-01 1.295747878240000039e-02 3.546042400530000123e+03
6.045860057070000515e-01 6.986298750790000123e-02 3.958422946650000085e+03
4.393025467830000141e-01 2.756406863969999843e-02 3.693455547519999982e+03
9.185922650660000022e-01 4.614943193769999730e-01 5.267447389009999824e+03
4.783092499800000175e-01 3.371472279720000298e-02 3.731970533230000001e+03
4.914175900280000064e-01 3.615491881360000104e-02 3.747273168480000095e+03
1.258607601380000052e+00 2.086859306440000061e+00 6.277616131689999747e+03
1.010498937179999945e+00 7.341406675980000074e-01 5.632713423100000000e+03
1.592275890720000087e+00 6.027281748750000112e+00 7.437759378920000017e+03
1.253843613789999978e+00 2.050399523919999911e+00 6.266123190739999700e+03
4.266889072500000268e-01 2.586305478930000026e-02 3.682503830189999917e+03
7.844863991870000275e-01 2.153206121800000095e-01 4.638049096409999947e+03
2.338333943989999941e+00 3.013301807859999926e+01 1.025491605189999973e+04
9.984652492209999952e-01 6.926680586969999887e-01 5.589884190939999826e+03
1.596435365989999910e+00 6.096478816520000343e+00 7.455169589080000151e+03
3.972713975109999907e-01 2.230531990040000162e-02 3.657820830529999967e+03
1.375619851359999979e+00 3.139615064030000013e+00 6.605891888099999960e+03
1.602509358320000077e+00 6.198542494829999860e+00 7.480618710640000245e+03
4.413447363910000254e-01 2.785106306909999885e-02 3.695276729929999874e+03
8.250939382070000550e-01 2.740397146560000219e-01 4.830869274560000122e+03
3.973238180509999773e-01 2.231122535110000027e-02 3.657865124989999913e+03
1.070874910699999960e+00 9.717443713019999763e-01 5.824414723640000375e+03
1.121330418299999909e+00 1.211509472739999982e+00 5.958787944290000269e+03
1.305163861390000068e+00 2.468588308819999799e+00 6.396668067790000350e+03
1.567898553320000055e+00 5.632970406740000158e+00 7.336108999009999934e+03
2.481769163090000063e+00 3.823433849759999958e+01 1.071608802269999978e+04
4.192044731980000272e-01 2.490757359980000016e-02 3.676179425090000223e+03
9.157644970189999789e-01 4.546075995630000088e-01 5.254939740490000077e+03
1.929415126249999890e+00 1.370332642370000009e+01 8.809641098120000606e+03
1.371950321039999920e+00 3.101734015369999931e+00 6.594060380109999642e+03
1.441888252750000099e+00 3.882819450620000001e+00 6.836093686770000204e+03
1.649802179769999988e+00 7.035402450680000364e+00 7.679261537119999957e+03
1.190869147089999913e+00 1.611147190749999902e+00 6.121083063629999742e+03
3.633505803459999850e-01 1.873771905560000020e-02 3.627317450919999828e+03
4.982925893710000165e-01 3.752430140920000323e-02 3.755900716290000219e+03
5.431968131729999483e-01 4.829273142940000013e-02 3.824334633110000141e+03
1.426469030850000097e+00 3.699643965149999936e+00 6.779903932189999978e+03
6.692287948189999947e-01 1.049315584169999982e-01 4.156434694499999750e+03
2.031949884009999874e+00 1.699552329269999973e+01 9.193672734190000483e+03
2.040125344170000132e-01 5.915463699340000117e-03 3.312224167259999831e+03
7.522575041650000349e-01 1.768406205730000125e-01 4.490561172020000413e+03
5.942645317029999763e-01 6.555291703689999916e-02 3.932286492079999789e+03
6.513416452210000207e-01 9.368407292760000393e-02 4.095749132479999844e+03
1.505683014159999944e+00 4.710597382949999634e+00 7.082005111960000249e+03
1.091377092769999946e+00 1.064401726999999909e+00 5.881454288119999546e+03
7.624101564280000298e-01 1.882440624760000070e-01 4.536247026779999942e+03
5.319168605309999576e-01 4.525674376120000092e-02 3.805004868559999977e+03
8.423651378130000422e-01 3.028487692480000271e-01 4.913612280340000325e+03
2.440946648899999794e+00 3.578956749590000186e+01 1.058679101529999934e+04
5.297990092350000069e-01 4.471350984039999810e-02 3.801544477139999799e+03
6.275632142229999877e-01 8.063394635159999713e-02 4.022024525629999971e+03
7.709014504479999585e-01 1.982802909470000041e-01 4.575040590610000436e+03
4.754200186359999747e-01 3.320501962800000151e-02 3.728784620639999957e+03
6.512545776339999648e-01 9.363245080179999347e-02 4.095464609510000173e+03
6.480797253860000051e-01 9.177004800839999588e-02 4.085162383920000138e+03
1.075816586359999993e+00 9.934969226040000212e-01 5.838501180209999802e+03
9.977049640199999736e-01 6.901103765420000258e-01 5.587126104140000280e+03
2.643190491229999939e+00 4.905940527119999928e+01 1.121365703609999946e+04
1.082783311170000040e+00 1.024786422090000038e+00 5.857988871450000261e+03
6.880884155959999804e-01 1.182617005469999982e-01 4.225113441469999998e+03
1.600905148280000079e+00 6.171468658130000229e+00 7.473894631369999843e+03
7.321562265209999865e-01 1.560863149049999954e-01 4.402718534200000249e+03
4.323731490619999729e-01 2.661482794130000037e-02 3.687382974780000040e+03
8.172508547119999855e-01 2.617401092739999879e-01 4.793321007389999977e+03
6.032006114029999644e-01 6.926633794929999699e-02 3.954827654549999806e+03
8.839883465440000476e-01 3.827335241479999928e-01 5.110470697370000380e+03
5.920301557029999939e-01 6.466006097750000292e-02 3.926825173939999786e+03
4.173782563160000070e-01 2.468004502680000087e-02 3.674648180250000223e+03
8.263068829009999616e-01 2.759847743009999910e-01 4.836680853500000012e+03
3.653326648479999772e-01 1.893391884560000071e-02 3.629245991119999871e+03
7.667016495570000423e-01 1.932585375710000053e-01 4.555791087980000157e+03
1.101128769890000081e+00 1.110738732980000032e+00 5.907356403699999646e+03
1.190540819780000037e+00 1.609057433510000079e+00 6.120342284909999762e+03
2.310889745970000075e-01 7.731946295790000090e-03 3.396557425200000125e+03
4.742383077210000075e-01 3.299932728769999768e-02 3.727499756350000098e+03
8.663096493209999638e-01 3.469217145849999850e-01 5.027595104170000013e+03
5.979568328230000507e-01 6.705928205739999926e-02 3.941464312290000180e+03
1.058050299150000040e+00 9.169743115249999743e-01 5.786791880079999828e+03
4.795531069669999868e-01 3.393717623240000147e-02 3.733361984889999803e+03
7.383014132870000523e-01 1.621820452230000043e-01 4.429174025260000235e+03
5.756615611630000462e-01 5.853023164969999720e-02 3.888922687339999811e+03
8.406008869479999479e-01 2.997944300229999914e-01 4.905167974009999853e+03
1.565343328870000050e+00 5.592736665010000330e+00 7.325501650709999922e+03
9.373359380619999959e-01 5.092694196949999474e-01 5.348663942999999563e+03
1.713220149360000111e+00 8.280055698259999986e+00 7.944556532270000389e+03
9.030930156109999718e-01 4.247495510400000063e-01 5.198145074240000213e+03
9.389477954910000479e-01 5.135539724390000282e-01 5.355503489079999781e+03
4.666727552620000274e-01 3.171931841469999985e-02 3.719511646139999812e+03
1.491491562880000066e+00 4.516443184309999914e+00 7.025701576039999964e+03
6.064620124549999769e-01 7.068011005160000637e-02 3.963334680639999988e+03
5.180805721129999597e-01 4.185134002149999699e-02 3.783324505300000055e+03
3.770641082480000073e+00 1.911965602719999993e+02 1.424642924329999914e+04
5.687622267640000118e-01 5.615187856840000297e-02 3.874040471689999777e+03
7.396419538239999980e-01 1.635404540729999967e-01 4.434993649279999772e+03
4.736002978210000158e+00 4.425299806080000167e+02 1.642238040049999836e+04
1.316720539729999917e+00 2.570727078020000000e+00 6.428427699840000059e+03
1.290151937899999934e+00 2.340366313140000099e+00 6.356804622740000013e+03
3.673811829260000272e-01 1.913810795420000169e-02 3.631214632990000155e+03
6.105983871200000301e-01 7.251962982920000245e-02 3.974340551100000084e+03
4.109699115479999998e-01 2.389804553459999939e-02 3.669294328389999919e+03
7.676851813249999656e-01 1.944243425670000025e-01 4.560288405659999626e+03
8.074336087629999659e-01 2.470079304549999966e-01 4.746455507910000051e+03
8.679796073800000178e-01 3.501826433299999874e-01 5.035481315949999953e+03
1.849288913549999913e+00 1.146644221540000075e+01 8.497676133229999323e+03
1.616632405030000053e+00 6.440566081540000098e+00 7.539881453830000282e+03
1.345184588059999964e+00 2.835361526389999831e+00 6.510875739629999771e+03
8.367804622119999758e-01 2.932683953019999956e-01 4.886871500580000429e+03
1.602699711070000088e+00 6.201760647589999564e+00 7.481416697270000441e+03
2.137836158469999859e+00 2.094616861940000163e+01 9.573916795459999776e+03
2.958558965429999854e-01 1.268373436540000052e-02 3.540544245040000078e+03
7.405011893370000431e-01 1.644166008509999888e-01 4.438732720809999591e+03
1.894322119359999945e+00 1.268886498410000030e+01 8.674323527270000341e+03
1.867288824859999918e+00 1.194454384349999998e+01 8.568687280059999466e+03
6.357217052910000277e-01 8.488082683740000300e-02 4.046415899730000092e+03
1.405556090849999995e+00 3.461268608850000206e+00 6.706138432619999548e+03
1.095096779039999912e+00 1.081901922449999942e+00 5.891423016980000284e+03
6.106366452150000512e-01 7.253688991010000253e-02 3.974443478799999866e+03
7.166993709260000012e-01 1.416781698290000002e-01 4.337891227639999670e+03
4.333604947740000157e-01 2.674782838000000149e-02 3.688239077409999936e+03
9.668852307690000147e-01 5.924354324270000305e-01 5.470077730089999932e+03
8.174212577770000321e-01 2.620022795290000150e-01 4.794136031089999960e+03
5.234005115980000511e-01 4.312121001619999977e-02 3.791404258489999847e+03
6.427475388419999769e-01 8.872826877690000169e-02 4.068179137609999998e+03
7.940067469820000223e-01 2.280121909689999948e-01 4.682776931600000353e+03
6.994405135079999614e-01 1.270709131019999993e-01 4.268672646529999838e+03
2.073280038250000068e+00 1.846842565640000089e+01 9.343979204850000315e+03
5.352380456399999931e-01 4.612534888940000161e-02 3.810537628250000125e+03
1.476710121320000013e+00 4.320396601809999737e+00 6.967940201329999582e+03
7.333936791409999545e-01 1.572966110300000053e-01 4.408015987689999747e+03
5.156907261309999768e-01 4.129627205099999782e-02 3.779795998709999822e+03
1.310895208840000103e+00 2.518865600749999878e+00 6.412298810770000273e+03
1.863577592820000017e+00 1.184483453580000045e+01 8.554090159499999572e+03
1.125467795160000062e+00 1.232964543270000046e+00 5.968996118639999622e+03
7.762544454919999559e-01 2.048478399070000067e-01 4.599740146719999757e+03
8.877422861720000169e-01 3.907119251060000020e-01 5.127870771869999771e+03
1.524232437680000052e+00 4.973309335609999771e+00 7.156677957930000048e+03
1.429431612319999934e+00 3.734344540289999959e+00 6.790585752439999851e+03
5.362790566259999503e-01 4.640187959429999814e-02 3.812298815470000136e+03
6.359794713130000332e-01 8.501882644649999543e-02 4.047201975359999778e+03
4.719180777390000192e-01 3.260006246299999855e-02 3.725006886950000080e+03
6.574657677570000525e-01 9.738953564409999486e-02 4.116027672229999553e+03
1.870523936419999922e-01 4.870899307680000116e-03 3.251027033110000048e+03
4.639602168790000203e-01 3.127537140190000259e-02 3.716742533369999819e+03
8.414443715680000047e-01 3.012514829610000167e-01 4.909205629950000002e+03
1.189153468490000032e+00 1.600249248929999979e+00 6.117211762330000056e+03
5.905261392180000124e-01 6.406688192350000477e-02 3.923188204569999925e+03
2.619603976520000210e-01 9.994549074580000303e-03 3.474457606099999794e+03
1.572702381370000069e+00 5.709169649639999733e+00 7.356078470950000337e+03
1.133125430210000006e+00 1.273422227840000032e+00 5.987634284359999583e+03
1.416595636630000099e+00 3.585674910279999850e+00 6.744713566970000102e+03
1.133744782910000026e+00 1.276737233229999990e+00 5.989128071479999562e+03
9.578269291750000081e-01 5.658856829370000341e-01 5.433776360120000390e+03
6.876738737559999759e-01 1.179515060169999963e-01 4.223553698589999840e+03
4.553761409489999745e-01 2.991952375370000167e-02 3.708278362869999910e+03
5.015887421829999804e-01 3.820421390769999925e-02 3.760194829800000207e+03
4.066361707710000051e-01 2.338301632689999965e-02 3.665678262290000021e+03
7.241519378909999638e-01 1.484631658009999966e-01 4.368830544149999696e+03
3.100585751650000166e-01 1.387315952860000007e-02 3.563072607210000115e+03
6.186871291019999664e-01 7.627155527100000498e-02 3.996564852659999815e+03
1.263468028839999924e-01 1.854978118170000009e-03 2.971053946819999965e+03
7.136695728949999928e-01 1.390037777099999983e-01 4.325489099049999822e+03
1.948859987320000098e+00 1.428946467869999992e+01 8.883746007890000328e+03
1.776351678800000000e+00 9.667192036150000334e+00 8.204557417469999564e+03
1.405508663330000019e+00 3.460740963420000149e+00 6.705974515769999925e+03
1.274279977640000006e+00 2.210156437559999798e+00 6.316243261040000107e+03
6.954867755000000429e-01 1.239330992880000037e-01 4.253318346170000041e+03
4.843392973130000279e+00 4.800245328080000036e+02 1.664648204180000175e+04
1.028538014170000015e+00 7.998599923720000060e-01 5.693974951160000273e+03
6.531453126170000401e-01 9.476009144079999835e-02 4.101667114859999856e+03
1.150300750119999993e+00 1.367760455240000006e+00 6.028394868420000421e+03
6.424242613999999740e-01 8.854727224130000407e-02 4.067162397529999907e+03
9.314030908449999480e-01 4.937420349009999931e-01 5.323286513320000267e+03
4.520355112359999983e-01 2.941108753060000039e-02 3.705096884730000056e+03
1.678982964450000059e+00 7.590206221589999913e+00 7.801679341170000043e+03
1.567840733529999975e+00 5.632057712990000020e+00 7.335868859029999840e+03
7.422056502589999827e-01 1.661672934189999951e-01 4.446170261360000040e+03
8.970667691350000528e-01 4.111134740560000167e-01 5.170735950379999849e+03
3.157292217609999896e-01 1.435904349109999936e-02 3.571325125110000045e+03
5.659519138509999658e-01 5.521607846820000137e-02 3.868161003350000101e+03
1.987225294669999975e+00 1.549756254340000083e+01 9.028163726749999114e+03
4.543732402019999839e-01 2.976578936930000113e-02 3.707317026260000148e+03
1.211357907420000046e+00 1.745568491990000082e+00 6.167381546909999997e+03
7.420060385490000465e-01 1.659613927240000120e-01 4.445297851299999820e+03
7.277875811430000175e-01 1.518819104509999962e-01 4.384140584609999678e+03
8.553515584659999726e-01 3.261372298199999853e-01 4.975611742240000240e+03
7.204620794199999567e-01 1.450667524020000099e-01 4.353436241149999660e+03
2.877984195419999724e-01 1.202567385549999958e-02 3.526489087909999853e+03
2.744912876289999915e-01 1.096456125340000004e-02 3.501077052749999893e+03
3.958273255190000173e-01 2.214317667049999980e-02 3.656598720970000159e+03
1.232571507609999895e+00 1.893270578289999895e+00 6.215979021189999912e+03
8.673866402000000031e-01 3.490218908350000149e-01 5.032682296709999719e+03
9.447909736320000418e-01 5.293252098759999580e-01 5.380095315470000060e+03
3.768483317269999966e-01 2.010146051880000104e-02 3.640021213299999999e+03
1.048852667090000024e+00 8.791614784900000368e-01 5.758822235440000441e+03
6.160098493040000456e-01 7.500662602389999989e-02 3.989105826609999895e+03
4.160056906660000164e-01 2.451042878299999894e-02 3.673499399870000161e+03
5.307135904659999737e-01 4.494709548100000313e-02 3.803032400579999830e+03
6.130504410649999514e-01 7.363510427349999332e-02 3.980979458320000049e+03
1.665854925259999897e+00 7.336893778140000322e+00 7.746656424669999979e+03
1.201900161760000030e+00 1.682530687100000089e+00 6.145975695830000404e+03
7.007607448299999486e-01 1.281355852799999917e-01 4.273842469369999890e+03
1.098566976419999897e+00 1.098422840850000082e+00 5.900624774550000438e+03
1.470569483400000044e+00 4.240779991240000157e+00 6.944236659879999934e+03
5.843330290639999758e-01 6.168934359449999849e-02 3.908542832399999952e+03
9.198495251410000462e-01 4.645828383380000148e-01 5.272987923009999577e+03
1.012956517989999972e+00 7.428408148730000216e-01 5.641266731579999941e+03
5.826699053780000082e-01 6.106834284260000134e-02 3.904700082230000135e+03
3.943938303000000256e-01 2.198323825449999963e-02 3.655381680880000204e+03
7.088303419899999458e-01 1.348307618550000087e-01 4.305898017380000056e+03
5.402455407130000165e-01 4.747459088009999689e-02 3.819128727280000021e+03
7.767392892459999976e-01 2.054520440710000118e-01 4.601985909140000331e+03
1.765449044599999961e+00 9.416661694929999271e+00 8.160037730480000391e+03
2.817696040189999973e+00 6.300783749059999650e+01 1.172964946009999949e+04
7.623277161229999876e-01 1.881488781300000024e-01 4.535872877329999938e+03
5.867367663289999591e-01 6.259985466499999596e-02 3.914164147410000169e+03
4.543694956339999758e-01 2.976521714010000111e-02 3.707313447030000134e+03
2.662315900639999899e+00 5.047018689450000295e+01 1.127126069690000077e+04
7.595676361830000500e-01 1.849868113500000022e-01 4.523375550419999854e+03
9.967436377880000142e-01 6.868868236439999997e-01 5.583629690169999776e+03
4.674556228439999961e-01 3.184888547530000114e-02 3.720319848430000093e+03
2.204626261219999883e-01 6.998752439749999880e-03 3.365342594719999852e+03
4.999091222770000176e-01 3.785581056429999924e-02 3.757993562969999857e+03
1.067453980160000038e+00 9.568984930220000296e-01 5.814531494650000241e+03
5.874238987900000097e-01 6.286297933770000623e-02 3.915785723720000078e+03
6.178009855239999792e-01 7.585031688509999426e-02 3.994084716689999823e+03
7.737935820610000182e-01 2.018051917320000110e-01 4.588363308390000384e+03
7.361169229039999928e-01 1.599905447169999995e-01 4.419727393510000184e+03
5.901078190920000521e-01 6.390300757029999945e-02 3.922182228470000155e+03
5.820952886300000406e-01 6.085547361310000153e-02 3.903381227519999811e+03
3.941796524050000250e-01 2.195942789290000058e-02 3.655199487240000053e+03
1.084366516660000057e+00 1.031999621690000035e+00 5.862358545490000324e+03
7.172473710410000036e-01 1.421670232499999964e-01 4.340145430120000128e+03
7.590366365009999505e-01 1.843839491769999894e-01 4.520977821899999981e+03
2.085588882340000172e+00 1.892395034999999837e+01 9.388266240819999439e+03
5.826427489380000546e-01 6.105826316079999982e-02 3.904637651009999900e+03
6.662875846529999757e-01 1.029920833930000057e-01 4.146153383030000441e+03
1.102297576560000048e+00 1.116391256630000051e+00 5.910410079270000097e+03
1.122908387939999919e+00 1.219659084529999937e+00 5.962693236369999795e+03
6.456214275689999837e-01 9.035441089579999974e-02 4.077282751230000031e+03
3.942672448569999877e-01 2.196916294519999854e-02 3.655274010650000037e+03
4.435555177500000168e-01 2.816561378889999995e-02 3.697266501539999808e+03
5.703478793649999767e-01 5.668820683189999821e-02 3.877404252729999826e+03
9.160977815070000529e-01 4.554149861719999914e-01 5.256417195230000289e+03
1.102789813990000090e+00 1.118778245599999943e+00 5.911693078999999670e+03
1.219675078020000081e+00 1.802427288499999891e+00 6.186313274660000388e+03
9.215928381260000135e-01 4.688926022259999882e-01 5.280649177950000194e+03
8.437162785280000188e-01 3.052054108269999788e-01 4.920076687630000379e+03
5.959444765829999824e-01 6.623347670000000187e-02 3.936438594879999982e+03
1.562456612399999889e+00 5.547531094110000005e+00 7.313531246319999809e+03
1.420928535939999904e+00 3.635373202609999854e+00 6.760078235750000204e+03
1.347094008660000064e+00 2.853793081710000124e+00 6.516627452859999721e+03
7.937763260810000165e-01 2.276975206569999965e-01 4.681689695330000177e+03
3.509546547640000069e-01 1.753930420199999868e-02 3.614662423679999847e+03
8.677810689889999818e-01 3.497936461730000168e-01 5.034544293220000327e+03
4.093091334599999742e-01 2.369939925859999852e-02 3.667908917010000096e+03
1.572560317460000023e+00 5.706905689860000130e+00 7.355487417360000109e+03
1.259685871290000092e+00 2.095176972430000006e+00 6.280232609509999747e+03
2.240913204049999941e+00 2.537539838949999904e+01 9.929848049649999666e+03
1.209047240949999935e+00 1.730009402799999929e+00 6.162142185550000249e+03
5.325756519840000314e-01 4.542740645240000291e-02 3.806091990599999917e+03
1.601013940859999929e+00 6.173302047980000040e+00 7.474350579859999925e+03
1.064605600779999994e+00 9.446689906799999870e-01 5.806218578410000191e+03
8.752277229079999943e-01 3.646282809979999873e-01 5.069579289819999758e+03
7.745533091039999984e-01 2.027402552129999869e-01 4.591871689569999944e+03
8.309941494850000554e-01 2.836108570379999860e-01 4.859143791810000039e+03
1.070169392399999975e+00 9.686684402140000039e-01 5.822385356750000028e+03
3.927957968510000231e-01 2.180611564290000151e-02 3.654019908899999791e+03
1.403109294290000086e+00 3.434122971259999879e+00 6.697702444790000300e+03
1.995450172269999989e+00 1.576564831570000003e+01 9.058819883820000541e+03
4.413221902860000045e-01 2.784787603829999916e-02 3.695256537419999859e+03
1.002543941869999955e+00 7.065160716080000070e-01 5.604576161429999956e+03
1.066891360350000095e+00 9.544734319700000080e-01 5.812895579809999617e+03
4.250115939090000072e-01 2.564561880610000122e-02 3.681078096379999806e+03
1.223308436089999951e+00 1.827689105659999980e+00 6.194627657289999661e+03
6.594934053690000297e-01 9.864919924659999728e-02 4.122856768820000070e+03
5.121083015030000185e-01 4.048155575810000184e-02 3.774621499029999995e+03
1.335552085250000021e+00 2.743693816830000021e+00 6.482286805579999964e+03
5.645727532280000460e-01 5.476364747939999750e-02 3.865313957979999941e+03
6.680126162599999695e-01 1.041251778290000068e-01 4.152169125960000201e+03
4.274692273390000019e-01 2.596488132099999957e-02 3.683169092629999795e+03
3.363062469259999965e+00 1.243261420820000041e+02 1.322400619759999972e+04
6.333833379879999503e-01 8.363974262399999360e-02 4.039328042610000011e+03
1.521519870739999947e+00 4.934251923119999717e+00 7.145689431329999934e+03
4.880549820310000064e-01 3.550822685840000076e-02 3.743208923669999876e+03
8.769387942059999608e-01 3.681085140279999890e-01 5.077595309059999636e+03
1.187808926720000047e+00 1.591746920320000092e+00 6.114177133010000034e+03
4.118462164949999726e-01 2.400351289509999875e-02 3.670025417970000035e+03
2.891532838040000164e-01 1.213549986619999986e-02 3.528920408720000069e+03
5.759815219760000549e-01 5.864338278200000032e-02 3.889628428150000218e+03
3.662772162929999742e-01 1.902788786100000074e-02 3.630156743900000038e+03
3.652544061690000121e-01 1.892614699849999929e-02 3.629170296289999897e+03
1.947176718919999994e+00 1.423803694290000088e+01 8.877355430379999234e+03
4.454605792620000004e-01 2.843995823400000122e-02 3.698997266219999801e+03
3.592220771040000038e-01 1.833323380949999915e-02 3.623220970880000095e+03
2.158901270099999881e-01 6.691126228470000228e-03 3.351173441150000144e+03
1.294084991899999926e+00 2.373478767499999975e+00 6.367101965390000260e+03
5.484716341549999985e-01 4.979875414979999942e-02 3.833907171169999856e+03
7.568375110460000554e-01 1.819058822060000136e-01 4.511070801840000058e+03
2.198264448000000204e+00 2.346995662590000009e+01 9.784164016270000502e+03
2.721509600770000148e+00 5.501716320989999787e+01 1.144786120300000039e+04
7.494344487170000457e-01 1.737820759370000134e-01 4.478005394869999691e+03
5.284861719869999863e-01 4.438086062289999661e-02 3.799425615279999874e+03
9.037336996010000290e-01 4.262204110610000041e-01 5.201044612900000175e+03
2.123252297890000140e+00 2.036707467380000125e+01 9.522468219270000191e+03
3.663278557569999982e-01 1.903293443499999918e-02 3.630205423670000073e+03
8.696686394079999882e-01 3.535063269550000054e-01 5.043446648109999842e+03
9.011753904979999952e-01 4.203714976310000129e-01 5.189449602220000088e+03
2.739801217320000148e+00 5.647848761169999676e+01 1.150193178970000008e+04
4.274547839339999933e-01 2.596299264900000028e-02 3.683156766900000093e+03
1.278860468990000054e+00 2.247175995740000154e+00 6.327791144599999825e+03
3.255526222189999985e-01 1.521659184029999952e-02 3.584705645569999888e+03
1.266201724619999913e+00 2.145957043840000189e+00 6.296169100140000410e+03
1.287560981529999982e+00 2.318737972390000124e+00 6.350076143309999679e+03
2.813134792379999860e-01 1.150458780160000007e-02 3.514458446799999820e+03
3.100960196129999846e-01 1.387634677889999953e-02 3.563128432659999817e+03
5.110337691699999851e-01 4.024116509660000118e-02 3.773095886290000180e+03
2.946961526369999973e+00 7.498475134589999413e+01 1.209895343580000008e+04
1.095747367580000020e+00 1.084984902790000039e+00 5.893155297819999760e+03
1.382932011829999919e+00 3.216096097449999913e+00 6.629770470260000366e+03
4.867123187080000246e-01 3.525410249819999758e-02 3.741613624510000136e+03
6.870054468249999768e-01 1.174530066029999958e-01 4.221043353039999602e+03
1.347325685439999976e+00 2.856035345640000056e+00 6.517327237829999831e+03
1.009315477639999958e+00 7.299791553979999570e-01 5.628571098979999988e+03
7.142235656790000276e-01 1.394892079489999936e-01 4.327749043370000436e+03
2.687158818600000054e-01 1.051394403480000045e-02 3.489144599369999924e+03
1.067664619819999938e+00 9.578076136369999549e-01 5.815143200370000159e+03
1.673320820220000060e+00 7.480200966960000031e+00 7.777960515050000140e+03
1.302689975470000094e+00 2.447114026820000010e+00 6.389992803019999883e+03
2.980816266640000101e-01 1.286761271130000030e-02 3.544259114890000092e+03
9.197995525469999656e-01 4.644597647020000108e-01 5.272767945890000192e+03
8.452288483950000098e-01 3.078617048189999927e-01 4.927310394979999728e+03
3.905931732690000047e-01 2.156396817009999939e-02 3.652133254140000190e+03
5.453766176340000271e+00 7.358211654929999668e+02 1.786010740330000044e+04
7.910669908309999609e-01 2.240256717169999967e-01 4.668922255159999622e+03
9.529564956310000445e-01 5.520012463669999869e-01 5.413915463209999871e+03
6.408335041599999560e-01 8.766226167170000638e-02 4.062180856160000076e+03
9.469974113610000188e-01 5.353789171589999896e-01 5.389297511949999716e+03
4.649669704509999946e-01 3.143924548149999720e-02 3.717764704740000070e+03
1.373191301739999926e+00 3.114507587989999937e+00 6.598050211390000186e+03
4.745968967959999785e-01 3.306157587940000003e-02 3.727888548490000176e+03
8.366327250449999697e-01 2.930184355350000103e-01 4.886163737679999940e+03
8.157625942020000354e-01 2.594598267179999973e-01 4.786204658089999612e+03
4.387426136400000010e-01 2.748596844240000156e-02 3.692958900449999874e+03
1.062968011239999955e+00 9.376918760369999939e-01 5.801404397430000245e+03
7.357344486939999539e-01 1.596096470570000092e-01 4.418078162699999666e+03
5.254929878530000265e-01 4.363397522830000236e-02 3.794668948550000096e+03
6.924740982589999705e-01 1.215924946189999994e-01 4.241749443800000336e+03
4.979920547789999929e-01 3.746307677010000253e-02 3.755514375050000126e+03
1.628775572619999945e+00 6.653989712229999576e+00 7.590898196279999866e+03
1.144522976259999991e+00 1.335463343840000094e+00 6.014827035539999997e+03
3.043800714459999890e-01 1.339298517939999968e-02 3.554394527290000042e+03
7.269885830550000261e-01 1.511243766829999946e-01 4.380764034390000234e+03
1.309122081760000000e+00 2.503232235140000039e+00 6.407438096740000219e+03
5.527292400100000114e-01 5.105652017179999891e-02 3.841888243519999833e+03
1.659520762519999915e+00 7.216852710550000438e+00 7.720075458070000423e+03
6.712991146860000091e-01 1.063187098980000050e-01 4.163742200689999663e+03
7.455662271830000298e-01 1.696688242040000072e-01 4.460912252869999975e+03
3.578301249149999919e-01 1.819809544610000163e-02 3.621814332639999975e+03
3.803647520010000171e+00 1.975172929050000050e+02 1.432621055159999923e+04
1.708798695440000071e+00 8.188555687310000053e+00 7.926166286159999800e+03
7.220250343240000035e-01 1.464964654589999971e-01 4.359939027909999822e+03
8.505253087020000491e-01 3.173149603579999978e-01 4.952609669970000141e+03
8.143363191569999993e-01 2.572903781479999874e-01 4.779388098489999720e+03
5.899929347569999871e-01 6.385808651209999576e-02 3.921906380339999941e+03
1.263370205660000023e+00 2.123780771529999889e+00 6.289216834529999687e+03
5.431266992690000350e-01 4.827309363199999703e-02 3.824209716299999855e+03
4.366381857669999755e-01 2.719466852349999852e-02 3.691102154499999870e+03
7.578968869800000174e-01 1.830958837020000007e-01 4.515838587420000295e+03
1.644927243920000004e+00 6.945620916480000240e+00 7.658778940899999725e+03
7.666314982869999461e-01 1.931756229549999870e-01 4.555470566609999878e+03
1.287728391059999922e+00 2.320131019629999791e+00 6.350509586930000296e+03
5.117903184809999839e-01 4.041022837089999764e-02 3.774168768009999894e+03
3.708464676209999866e-01 1.948688502550000035e-02 3.634491182190000018e+03
1.111776963959999920e+00 1.163036600329999892e+00 5.934811144950000198e+03
5.993966866519999659e-01 6.765730469450000062e-02 3.945095126730000175e+03
2.110941644960000030e+00 1.988712163079999939e+01 9.478816951509999853e+03
4.173319363610000221e-01 2.467430165169999870e-02 3.674609385620000012e+03
7.203865133669999921e-01 1.449979597340000093e-01 4.353122517410000000e+03
8.735825307119999827e-01 3.613074069559999990e-01 5.061859339499999805e+03
4.485675782849999904e-01 2.889409376599999871e-02 3.701854236250000213e+03
1.114452105880000099e+00 1.176460672169999944e+00 5.941584642669999994e+03
6.138772771279999985e-01 7.401549997740000664e-02 3.983237366490000113e+03
7.279299002919999984e-01 1.520172124599999952e-01 4.384742719079999915e+03
5.823733864750000322e-01 6.095838825890000090e-02 3.904018949169999814e+03
1.028462379870000110e+00 7.995753548089999940e-01 5.693725404230000095e+03
6.758838256320000015e-01 1.094561148520000055e-01 4.180130316200000379e+03
5.597781681250000307e-01 5.322499862780000202e-02 3.855611034569999902e+03
1.001832051769999898e+00 7.040836227300000250e-01 5.602024559469999986e+03
1.559915155870000014e-01 3.174760757580000030e-03 3.120634922900000220e+03
7.511414618480000138e-01 1.756257256669999933e-01 4.485589464200000293e+03
5.361056297980000274e-01 4.635566809899999835e-02 3.812004512059999797e+03
1.142265980909999978e+00 1.323002560059999944e+00 6.009489598170000136e+03
4.919061173540000276e-01 3.625010981599999932e-02 3.747871965920000093e+03
2.729031669449999975e-01 1.084005040989999974e-02 3.497852015989999927e+03
1.521117246690000036e+00 4.928473462020000362e+00 7.144060309749999760e+03
7.099023291420000215e-01 1.357448185069999869e-01 4.310214444049999656e+03
1.083229551739999907e+00 1.026815662319999989e+00 5.859222677990000193e+03
4.504365241289999822e-01 2.917136666710000090e-02 3.703594442260000051e+03
5.547443542900000191e-01 5.166531430520000107e-02 3.845745999100000063e+03
2.805527944630000214e-01 1.144395998190000062e-02 3.513003793570000198e+03
1.447538286319999923e+00 3.951546113820000095e+00 6.857039931170000273e+03
5.484363970819999823e-01 4.978850367769999813e-02 3.833842072269999790e+03
3.994669188980000119e-01 2.255384772729999987e-02 3.659672263909999856e+03
1.268241156270000003e+00 2.162034351379999997e+00 6.301202993930000048e+03
5.255221563469999468e-01 4.364117708370000154e-02 3.794714807970000038e+03
1.025479893520000019e+00 7.884129443299999762e-01 5.683836277829999744e+03
4.647053799199999946e-01 3.139656407819999689e-02 3.717498481329999777e+03
8.004285862150000153e-01 2.369344783560000112e-01 4.713159440409999661e+03
7.895056606720000092e-01 2.219330734490000123e-01 4.661579018180000276e+03
7.236615752139999858e-01 1.480075695530000124e-01 4.366776281700000254e+03
1.290652717399999982e+00 2.344563546859999903e+00 6.358110108199999559e+03
9.183507994399999763e-01 4.609030262280000012e-01 5.266381834400000116e+03
1.882254845879999916e+00 1.235267280559999925e+01 8.627319444900000235e+03
1.560779349029999929e+00 5.521385774269999658e+00 7.306582726409999850e+03
1.652605698929999978e+00 7.087407740729999794e+00 7.691038239069999690e+03
1.041155909880000063e+00 8.484414418629999677e-01 5.734758808739999949e+03
5.397808732900000184e-01 4.734734476570000294e-02 3.818318769590000102e+03
8.058768431759999462e-01 2.447380881469999880e-01 4.739043765589999566e+03
1.862577555849999955e+00 1.181806780800000034e+01 8.550152871219999724e+03
1.356777909909999913e+00 2.948612289070000170e+00 6.546230458209999597e+03
5.381410015240000178e-01 4.690164238580000339e-02 3.815481256739999935e+03
3.834277053099999777e-01 2.079147904479999864e-02 3.645901720270000169e+03
6.071890465070000076e-01 7.099964241030000400e-02 3.965251578179999797e+03
1.220384890150000068e+00 1.807342112349999974e+00 6.187935217729999749e+03
1.348328588059999888e-01 2.200604039449999792e-03 3.016703762789999928e+03
7.551742555249999489e-01 1.800515272490000040e-01 4.503603064330000052e+03
1.745815828080000021e+00 8.977193361150000328e+00 8.079445920520000072e+03
7.810617673959999729e-01 2.109081638410000015e-01 4.622066933830000380e+03
1.319412357780000100e+00 2.594952239289999962e+00 6.435964375440000367e+03
3.580860445549999826e-01 1.822289570509999859e-02 3.622073950080000031e+03
6.570259182340000281e-01 9.711845618499999333e-02 4.114553789620000316e+03
1.271536358979999948e+00 2.188197102120000181e+00 6.309384611700000278e+03
6.260524388089999670e-01 7.987278206709999551e-02 4.017611807469999803e+03
1.459052156050000049e+00 4.094304293219999558e+00 6.900280988479999905e+03
1.630190974690000072e+00 6.679190191230000018e+00 7.596846566979999807e+03
4.625253302189999971e-01 3.104361183890000028e-02 3.715296806350000224e+03
6.552822968179999874e-01 9.605143988610000128e-02 4.108737610860000132e+03
3.534262569220000261e-01 1.777449507240000046e-02 3.617273816989999887e+03
5.687723081009999682e+00 8.547798672229999966e+02 1.829934323349999977e+04
1.243579733610000071e+00 1.973436600949999953e+00 6.241707815830000072e+03
6.818320965839999914e+00 1.620310268830000041e+03 2.025362024609999935e+04
9.784300845619999798e-01 6.276722221689999826e-01 5.515110917570000311e+03
4.561914340909999921e-01 3.004520190590000139e-02 3.709063909099999819e+03
5.167302694040000199e-01 4.153656559999999859e-02 3.781323237200000221e+03
2.361418888869999955e-01 8.089182623509999157e-03 3.410581161149999843e+03
7.068118798360000232e-01 1.331254997240000071e-01 4.297807133899999826e+03
1.813556606049999909e+00 1.055777475890000083e+01 8.355131780019999496e+03
6.458424228150000390e-01 9.048073858350000331e-02 4.077987626860000091e+03
1.208711109560000052e+00 1.727754576589999980e+00 6.161380618999999569e+03
7.325656479359999862e-01 1.564857988089999874e-01 4.404469546399999672e+03
6.031418800150000203e-01 6.924117045600000631e-02 3.954675837130000218e+03
5.330895000549999985e-01 4.556107932149999762e-02 3.806943477280000025e+03
2.314416731340000144e+00 2.891134324760000140e+01 1.017605695720000040e+04
3.211008057829999873e-01 1.482540406360000063e-02 3.578780434069999956e+03
3.252138878920000087e-01 1.518667364550000017e-02 3.584262615629999800e+03
5.807710951800000299e-01 6.036819908080000296e-02 3.900359187179999935e+03
2.690775868959999761e-01 1.054198844979999973e-02 3.489908565969999927e+03
7.879953963750000456e-01 2.199250911990000001e-01 4.654486425070000223e+03
8.276414088860000184e-01 2.781382304100000202e-01 4.843075768210000206e+03
1.547687791820000047e+00 5.320333357029999988e+00 7.252531559969999762e+03
1.545365925030000032e+00 5.285230735699999904e+00 7.242982452760000342e+03
6.484181379419999836e-01 9.196672385220000523e-02 4.086253769559999910e+03
4.055052047300000129e-01 2.325036187390000161e-02 3.664733603069999845e+03
8.874044516129999671e-01 3.899884368100000054e-01 5.126308060860000296e+03
4.900892622579999802e-01 3.589768786849999865e-02 3.745655771929999901e+03
7.859351949509999491e-01 2.172114282959999865e-01 4.644828465550000146e+03
2.277881711590000080e+00 2.711316161099999889e+01 1.005442383089999930e+04
2.387782421639999875e+00 3.277340592070000014e+01 1.041611516180000035e+04
